[gd_scene format=3 uid="uid://buvhqk4tglnl1"]

[ext_resource type="PackedScene" uid="uid://3hm6qxp4x5eo" path="res://models/venlil/venlil.glb" id="1_5ter2"]
[ext_resource type="Script" uid="uid://b5xgtfha0evud" path="res://source/venlil_template/venlil_template.gd" id="1_xfv5o"]
[ext_resource type="PackedScene" uid="uid://c3r471fjt4lkh" path="res://source/components/character_controller_component/character_controller_component.tscn" id="2_ymgaj"]
[ext_resource type="PackedScene" uid="uid://dr8g8pk7na8w7" path="res://models/venlil/venlil_arms.glb" id="3_kgiqe"]
[ext_resource type="PackedScene" uid="uid://ddqsdxcn6q713" path="res://models/pistol/pistol.glb" id="6_qcdkb"]
[ext_resource type="Material" uid="uid://cmm35fibc51co" path="res://source/venlil_template/venlil_fur.tres" id="6_wf1hf"]
[ext_resource type="Script" uid="uid://c6feu3bd8uwhi" path="res://source/components/viewmodel_animator/viewmodel_animator.gd" id="7_qcdkb"]

[sub_resource type="CapsuleShape3D" id="CapsuleShape3D_xfv5o"]
resource_local_to_scene = true
radius = 0.25
height = 1.5

[sub_resource type="AnimationNodeBlend2" id="AnimationNodeBlend2_qcdkb"]
filter_enabled = true
filters = ["Armature/Skeleton3D:Arm1_L", "Armature/Skeleton3D:Arm1_R", "Armature/Skeleton3D:Arm2_L", "Armature/Skeleton3D:Arm2_R", "Armature/Skeleton3D:Hand_L", "Armature/Skeleton3D:Hand_R"]

[sub_resource type="AnimationNodeBlend2" id="AnimationNodeBlend2_kny53"]

[sub_resource type="AnimationNodeAnimation" id="AnimationNodeAnimation_u11nn"]
animation = &"hold_pistol_m"

[sub_resource type="AnimationNodeAnimation" id="AnimationNodeAnimation_qcdkb"]
animation = &"shoot_pistol_m"

[sub_resource type="AnimationNodeStateMachineTransition" id="AnimationNodeStateMachineTransition_qcdkb"]
advance_mode = 2
advance_expression = "get_parent().current_item == 1"

[sub_resource type="AnimationNodeStateMachine" id="AnimationNodeStateMachine_f6pf5"]
states/HoldPistol/node = SubResource("AnimationNodeAnimation_u11nn")
states/HoldPistol/position = Vector2(477.82715, 99.89809)
states/ShootPistol/node = SubResource("AnimationNodeAnimation_qcdkb")
states/ShootPistol/position = Vector2(477.8889, 217.66666)
states/Start/position = Vector2(206, 98.855965)
transitions = ["Start", "HoldPistol", SubResource("AnimationNodeStateMachineTransition_qcdkb")]
graph_offset = Vector2(66, 31)

[sub_resource type="AnimationNodeAnimation" id="AnimationNodeAnimation_5ter2"]
animation = &"idle"

[sub_resource type="AnimationNodeAnimation" id="AnimationNodeAnimation_xfv5o"]
animation = &"run"

[sub_resource type="AnimationNodeBlendTree" id="AnimationNodeBlendTree_5ter2"]
graph_offset = Vector2(-319.11258, 298.37244)
nodes/output/position = Vector2(866.6667, 320)
nodes/run/node = SubResource("AnimationNodeAnimation_xfv5o")
nodes/run/position = Vector2(-346.66666, 386.66666)
nodes/WalkSpeed/node = SubResource("AnimationNodeBlend2_kny53")
nodes/WalkSpeed/position = Vector2(-66.666664, 226.66667)
nodes/idle/node = SubResource("AnimationNodeAnimation_5ter2")
nodes/idle/position = Vector2(-346.66666, 213.33333)
nodes/WeaponsStateMachine/node = SubResource("AnimationNodeStateMachine_f6pf5")
nodes/WeaponsStateMachine/position = Vector2(-133.33333, 586.6667)
nodes/HoldWeapon/node = SubResource("AnimationNodeBlend2_qcdkb")
nodes/HoldWeapon/position = Vector2(240, 333.33334)
node_connections = [&"output", 0, &"HoldWeapon", &"WalkSpeed", 0, &"idle", &"WalkSpeed", 1, &"run", &"HoldWeapon", 0, &"WalkSpeed", &"HoldWeapon", 1, &"WeaponsStateMachine"]

[node name="VenlilTemplate" type="CharacterBody3D" unique_id=295057403]
floor_constant_speed = true
script = ExtResource("1_xfv5o")
preset = "venlil"
walk_speed = 3.0
run_speed = 6.0
mass = 50.0
jump_speed = 4.0
metadata/_custom_type_script = "uid://bq2fqn7plyjoy"

[node name="CollisionShape3D" type="CollisionShape3D" parent="." unique_id=1404266998]
transform = Transform3D(1, 0, 0, 0, 1, 0, 0, 0, 1, 0, 0.75, 0)
shape = SubResource("CapsuleShape3D_xfv5o")

[node name="CharacterControllerComponent" parent="." unique_id=1610684037 instance=ExtResource("2_ymgaj")]
camera_height = 1.3

[node name="Camera3D" parent="CharacterControllerComponent/Head" parent_id_path=PackedInt32Array(1610684037, 1612634824) index="0" unique_id=415665129]
cull_mask = 1048569

[node name="Venlil" parent="." unique_id=953485397 instance=ExtResource("1_5ter2")]
transform = Transform3D(-1, 0, -1.509958e-07, 0, 1, 0, 1.509958e-07, 0, -1, 0, 0, 0)

[node name="Skeleton3D" parent="Venlil/Armature" parent_id_path=PackedInt32Array(953485397, 1927860449) index="0" unique_id=1520887729]
bones/5/rotation = Quaternion(0.7006688, 0.08013336, 0.70886964, -0.012070906)
bones/6/rotation = Quaternion(-0.08671469, 0.005374138, 0.19418569, 0.97710985)
bones/7/rotation = Quaternion(0.01135199, -0.0061836476, -0.5627295, 0.82654005)
bones/8/rotation = Quaternion(-0.30864707, 6.991123e-17, -6.7223354e-17, 0.95117664)
bones/9/rotation = Quaternion(0.24110788, 5.3536674e-17, -1.1506396e-23, 0.9704983)
bones/10/rotation = Quaternion(0.095518604, 1.3218141e-17, 1.24123556e-23, 0.9954277)
bones/14/rotation = Quaternion(-0.7006688, 0.08013336, 0.70886964, 0.012070906)
bones/15/rotation = Quaternion(-0.08671469, -0.005374138, -0.19418569, 0.97710985)
bones/16/rotation = Quaternion(0.011352158, 0.0061833994, 0.5627295, 0.82654005)

[node name="Head_m" parent="Venlil/Armature/Skeleton3D/Head" parent_id_path=PackedInt32Array(953485397, 273263673) index="0" unique_id=785928531]
material_override = ExtResource("6_wf1hf")

[node name="Hand_L_m" parent="Venlil/Armature/Skeleton3D/Hand_L" parent_id_path=PackedInt32Array(953485397, 519344852) index="0" unique_id=403062367]
material_override = ExtResource("6_wf1hf")

[node name="Arm2_L_m" parent="Venlil/Armature/Skeleton3D/Arm2_L" parent_id_path=PackedInt32Array(953485397, 1541281704) index="0" unique_id=143536327]
material_override = ExtResource("6_wf1hf")

[node name="Arm1_L_m" parent="Venlil/Armature/Skeleton3D/Arm1_L" parent_id_path=PackedInt32Array(953485397, 1857491150) index="0" unique_id=231928784]
material_override = ExtResource("6_wf1hf")

[node name="Foot_L" parent="Venlil/Armature/Skeleton3D" index="4" unique_id=840796187]
transform = Transform3D(0.03187038, -3.7252903e-09, 0.99949175, 0.8061912, -0.5910967, -0.025706638, 0.59079653, 0.8066009, -0.018838491, 0.09799996, 0.096000046, -0.08200001)

[node name="Foot_L_m" parent="Venlil/Armature/Skeleton3D/Foot_L" index="0" unique_id=267846862]
material_override = ExtResource("6_wf1hf")

[node name="Leg2_L" parent="Venlil/Armature/Skeleton3D" index="5" unique_id=1627998552]
transform = Transform3D(-0.011303071, -0.041451782, 0.99907637, -0.25364035, -0.96634406, -0.042963237, 0.96723264, -0.25389192, 0.0004087883, 0.11399998, 0.4690001, 0.015999982)

[node name="Leg2_L_m" parent="Venlil/Armature/Skeleton3D/Leg2_L" index="0" unique_id=180892830]
material_override = ExtResource("6_wf1hf")

[node name="Leg1_L" parent="Venlil/Armature/Skeleton3D" index="6" unique_id=283274385]
transform = Transform3D(-0.017835021, 0.12940727, 0.9914311, 0.13410878, -0.9823189, 0.13063043, 0.99080616, 0.13528939, 0.00016501546, 0.07, 0.80300003, -0.03)

[node name="Leg1_L_m" parent="Venlil/Armature/Skeleton3D/Leg1_L" index="0" unique_id=1901373102]
material_override = ExtResource("6_wf1hf")

[node name="Tail3" parent="Venlil/Armature/Skeleton3D" index="7" unique_id=935685807]
transform = Transform3D(1, 2.2309516e-16, 2.0612015e-16, -2.2068774e-16, 0.9999325, -0.0116068125, -2.0869571e-16, 0.011606947, 0.9999326, 5.952005e-17, 1.1964148, -0.29594544)

[node name="Tail3_m" parent="Venlil/Armature/Skeleton3D/Tail3" index="0" unique_id=892877539]
material_override = ExtResource("6_wf1hf")

[node name="Tail2" parent="Venlil/Armature/Skeleton3D" index="8" unique_id=1525848245]
transform = Transform3D(1, 1.8235283e-16, 2.1846815e-16, -2.1846821e-16, 0.9838934, 0.17875585, -1.8235277e-16, -0.17875573, 0.98389345, 1.9402431e-17, 0.9799583, -0.2566192)

[node name="Tail2_m" parent="Venlil/Armature/Skeleton3D/Tail2" index="0" unique_id=1800187081]
material_override = ExtResource("6_wf1hf")

[node name="Tail1" parent="Venlil/Armature/Skeleton3D" index="9" unique_id=579406179]
transform = Transform3D(1, 8.4726773e-17, 1.7449244e-16, -1.7449244e-16, 0.78584415, 0.6184245, -8.4726773e-17, -0.6184244, 0.78584427, 0, 0.8, -0.114999995)

[node name="Tail1_m" parent="Venlil/Armature/Skeleton3D/Tail1" index="0" unique_id=1395422482]
material_override = ExtResource("6_wf1hf")

[node name="Hand_R_m" parent="Venlil/Armature/Skeleton3D/Hand_R" parent_id_path=PackedInt32Array(953485397, 1190401965) index="0" unique_id=351585780]
material_override = ExtResource("6_wf1hf")

[node name="Arm2_R_m" parent="Venlil/Armature/Skeleton3D/Arm2_R" parent_id_path=PackedInt32Array(953485397, 1397420420) index="0" unique_id=1233948517]
material_override = ExtResource("6_wf1hf")

[node name="Arm1_R_m" parent="Venlil/Armature/Skeleton3D/Arm1_R" parent_id_path=PackedInt32Array(953485397, 1834603580) index="0" unique_id=1959321188]
material_override = ExtResource("6_wf1hf")

[node name="Foot_R" parent="Venlil/Armature/Skeleton3D" index="13" unique_id=420002165]
transform = Transform3D(0.031869777, 3.7252903e-09, -0.99949175, -0.8061911, -0.5910967, -0.025706153, -0.5907965, 0.8066009, -0.018838137, -0.09799996, 0.096000046, -0.08200001)

[node name="Foot_R_m" parent="Venlil/Armature/Skeleton3D/Foot_R" index="0" unique_id=1405512574]
material_override = ExtResource("6_wf1hf")

[node name="Leg2_R" parent="Venlil/Armature/Skeleton3D" index="14" unique_id=116541281]
transform = Transform3D(-0.011303071, 0.041451782, -0.99907637, 0.25364035, -0.96634406, -0.042963237, -0.96723264, -0.25389192, 0.0004087883, -0.11399998, 0.4690001, 0.015999982)

[node name="Leg2_R_m" parent="Venlil/Armature/Skeleton3D/Leg2_R" index="0" unique_id=272218893]
material_override = ExtResource("6_wf1hf")

[node name="Leg1_R" parent="Venlil/Armature/Skeleton3D" index="15" unique_id=65725293]
transform = Transform3D(-0.017835021, -0.12940727, -0.9914311, -0.13410878, -0.9823189, 0.13063043, -0.99080616, 0.13528939, 0.00016501546, -0.07, 0.80300003, -0.03)

[node name="Leg1_R_m" parent="Venlil/Armature/Skeleton3D/Leg1_R" index="0" unique_id=1297818664]
material_override = ExtResource("6_wf1hf")

[node name="Torso_m" parent="Venlil/Armature/Skeleton3D/Torso" parent_id_path=PackedInt32Array(953485397, 93963805) index="0" unique_id=461501766]
material_override = ExtResource("6_wf1hf")

[node name="BoneAttachment3D" type="BoneAttachment3D" parent="Venlil/Armature/Skeleton3D" index="17" unique_id=2011920633]
transform = Transform3D(-0.90118164, -0.4288477, -0.062951274, 0.42865163, -0.90330493, 0.01728087, -0.0642751, -0.011410945, 0.997867, -0.358, 0.73099977, -0.04499999)
bone_name = "Hand_R"
bone_idx = 13

[node name="pistol" parent="Venlil/Armature/Skeleton3D/BoneAttachment3D" unique_id=142326505 instance=ExtResource("6_qcdkb")]

[node name="Pistol" parent="Venlil/Armature/Skeleton3D/BoneAttachment3D/pistol" index="0" unique_id=1195441860]
transform = Transform3D(-1, 8.742278e-08, 3.821371e-15, 0, -4.371139e-08, 1, 8.742278e-08, 1, 4.371139e-08, 0.001, 0.031, -0.048)
layers = 4

[node name="AnimationTree" type="AnimationTree" parent="." unique_id=1462497566]
editor_description = "If the character is not holding a weapon, set HoldWeapon to 0."
root_node = NodePath("../Venlil")
tree_root = SubResource("AnimationNodeBlendTree_5ter2")
anim_player = NodePath("../Venlil/AnimationPlayer")
parameters/WalkSpeed/blend_amount = 0.0
parameters/HoldWeapon/blend_amount = 1.0

[node name="SubViewportContainer" type="SubViewportContainer" parent="." unique_id=1362777592]
anchors_preset = 15
anchor_right = 1.0
anchor_bottom = 1.0
grow_horizontal = 2
grow_vertical = 2
stretch = true

[node name="SubViewport" type="SubViewport" parent="SubViewportContainer" unique_id=189872797]
transparent_bg = true
handle_input_locally = false
size = Vector2i(1152, 648)
render_target_update_mode = 4

[node name="Camera3D" type="Camera3D" parent="SubViewportContainer/SubViewport" unique_id=1123494492]
cull_mask = 2
fov = 90.0

[node name="venlil_arms" parent="SubViewportContainer/SubViewport/Camera3D" unique_id=81407531 instance=ExtResource("3_kgiqe")]
transform = Transform3D(-1, 0, -8.742278e-08, 0, 1, 0, 8.742278e-08, 0, -1, 0, -1.2499999, 0)

[node name="Skeleton3D" parent="SubViewportContainer/SubViewport/Camera3D/venlil_arms/Armature_vm" parent_id_path=PackedInt32Array(81407531, 965526997) index="0" unique_id=1660910137]
bones/1/rotation = Quaternion(-0.5930554, 0.4643028, 0.65536517, 0.056610838)
bones/2/rotation = Quaternion(0.17167933, -0.20753302, 0.30839223, 0.9123325)
bones/3/rotation = Quaternion(0.15017232, 0.009353065, 0.123607025, 0.98085785)
bones/4/rotation = Quaternion(0.11837341, 0.2603401, 0.9557984, -0.06826624)
bones/5/rotation = Quaternion(0.687332, 0.059873533, -0.08262123, 0.719141)
bones/6/rotation = Quaternion(-0.21579875, -0.033420105, -0.036038894, 0.9752001)

[node name="Hand_L" parent="SubViewportContainer/SubViewport/Camera3D/venlil_arms/Armature_vm/Skeleton3D" index="0" unique_id=1570876300]
transform = Transform3D(-0.949482, -0.25827146, -0.1782693, -0.27195475, 0.39368898, 0.8780946, -0.15660466, 0.8822164, -0.44403827, -0.0828818, 1.0212097, 0.28235278)

[node name="Hand_L_vm" parent="SubViewportContainer/SubViewport/Camera3D/venlil_arms/Armature_vm/Skeleton3D/Hand_L" index="0" unique_id=225375472]
layers = 2
material_override = ExtResource("6_wf1hf")

[node name="Arm2_L" parent="SubViewportContainer/SubViewport/Camera3D/venlil_arms/Armature_vm/Skeleton3D" index="1" unique_id=772379408]
transform = Transform3D(-0.86829054, -0.41952467, -0.2647084, -0.30924305, 0.040541813, 0.9501188, -0.387867, 0.90683836, -0.1649367, 0.01074177, 1.0121622, 0.07997742)

[node name="Arm2_L_vm" parent="SubViewportContainer/SubViewport/Camera3D/venlil_arms/Armature_vm/Skeleton3D/Arm2_L" index="0" unique_id=1059751438]
layers = 2
material_override = ExtResource("6_wf1hf")

[node name="Arm1_L" parent="SubViewportContainer/SubViewport/Camera3D/venlil_arms/Armature_vm/Skeleton3D" index="2" unique_id=281446596]
transform = Transform3D(-0.2901613, -0.624916, -0.72476643, -0.5086676, -0.54078805, 0.6699297, -0.81059545, 0.5630524, -0.16095863, 0.155, 1.137, -0.049999982)

[node name="Arm1_L_vm" parent="SubViewportContainer/SubViewport/Camera3D/venlil_arms/Armature_vm/Skeleton3D/Arm1_L" index="0" unique_id=2048433673]
layers = 2
material_override = ExtResource("6_wf1hf")

[node name="Hand_R" parent="SubViewportContainer/SubViewport/Camera3D/venlil_arms/Armature_vm/Skeleton3D" index="3" unique_id=1680250251]
transform = Transform3D(-0.9956176, -0.017365284, -0.09189965, -0.09288857, 0.069079965, 0.9932773, -0.010899715, 0.9974599, -0.07039043, -0.110420406, 1.0530365, 0.2635768)

[node name="Hand_R_vm" parent="SubViewportContainer/SubViewport/Camera3D/venlil_arms/Armature_vm/Skeleton3D/Hand_R" index="0" unique_id=630808577]
layers = 2
material_override = ExtResource("6_wf1hf")

[node name="Arm2_R" parent="SubViewportContainer/SubViewport/Camera3D/venlil_arms/Armature_vm/Skeleton3D" index="4" unique_id=977073734]
transform = Transform3D(-0.98771757, 0.0010172278, -0.15625092, -0.13588236, 0.48811287, 0.862138, 0.07714541, 0.8727797, -0.4819792, -0.11064741, 0.94410634, 0.068802185)

[node name="Arm2_R_vm" parent="SubViewportContainer/SubViewport/Camera3D/venlil_arms/Armature_vm/Skeleton3D/Arm2_R" index="0" unique_id=1977889308]
layers = 2
material_override = ExtResource("6_wf1hf")

[node name="Arm1_R" parent="SubViewportContainer/SubViewport/Camera3D/venlil_arms/Armature_vm/Skeleton3D" index="5" unique_id=1606248109]
transform = Transform3D(-0.96265566, 0.1921322, 0.19073732, -0.05855015, -0.83560085, 0.546208, 0.26432458, 0.5146422, 0.8156445, -0.155, 1.137, -0.049999982)

[node name="Arm1_R_vm" parent="SubViewportContainer/SubViewport/Camera3D/venlil_arms/Armature_vm/Skeleton3D/Arm1_R" index="0" unique_id=2031903154]
layers = 2
material_override = ExtResource("6_wf1hf")

[node name="WeaponBoneAttachment" type="BoneAttachment3D" parent="SubViewportContainer/SubViewport/Camera3D/venlil_arms/Armature_vm/Skeleton3D" index="6" unique_id=114696014]
transform = Transform3D(-0.9956176, -0.017365284, -0.09189965, -0.09288857, 0.069079965, 0.9932773, -0.010899715, 0.9974599, -0.07039043, -0.110420406, 1.0530365, 0.2635768)
bone_name = "Hand_R"
bone_idx = 6

[node name="pistol" parent="SubViewportContainer/SubViewport/Camera3D/venlil_arms/Armature_vm/Skeleton3D/WeaponBoneAttachment" unique_id=107174757 instance=ExtResource("6_qcdkb")]
transform = Transform3D(-1, 4.8894435e-08, -9.313226e-10, -1.0244548e-08, -2.9802322e-08, 1, 1.2421515e-07, 1, 4.4703484e-08, 0.0010727495, 0.03091386, -0.047657892)

[node name="Pistol" parent="SubViewportContainer/SubViewport/Camera3D/venlil_arms/Armature_vm/Skeleton3D/WeaponBoneAttachment/pistol" index="0" unique_id=1195441860]
layers = 2

[node name="ViewmodelAnimator" type="Node3D" parent="." unique_id=2040525839 node_paths=PackedStringArray("character", "arms")]
script = ExtResource("7_qcdkb")
character = NodePath("..")
arms = NodePath("../SubViewportContainer/SubViewport/Camera3D/venlil_arms")
arms_default_position = Vector3(0, -1.25, 0)
metadata/_custom_type_script = "uid://c6feu3bd8uwhi"

[node name="Node3D" type="Node3D" parent="." unique_id=857041034]
transform = Transform3D(1, 0, 0, 0, 0.99999994, 0, 0, 0, 1, -0.05554214, 0.48063856, -0.8114178)

[editable path="CharacterControllerComponent"]
[editable path="Venlil"]
[editable path="Venlil/Armature/Skeleton3D/BoneAttachment3D/pistol"]
[editable path="SubViewportContainer/SubViewport/Camera3D/venlil_arms"]
[editable path="SubViewportContainer/SubViewport/Camera3D/venlil_arms/Armature_vm/Skeleton3D/WeaponBoneAttachment/pistol"]
