[gd_scene format=3 uid="uid://buvhqk4tglnl1"]

[ext_resource type="PackedScene" uid="uid://3hm6qxp4x5eo" path="res://models/venlil/venlil.glb" id="1_5ter2"]
[ext_resource type="Script" uid="uid://b5xgtfha0evud" path="res://source/venlil_template/venlil_template.gd" id="1_xfv5o"]
[ext_resource type="Texture2D" uid="uid://brfka2r8cqmvb" path="res://source/venlil_template/venlil_fur_noise_texture.tres" id="3_xfv5o"]

[sub_resource type="StandardMaterial3D" id="StandardMaterial3D_xfv5o"]
resource_local_to_scene = true
albedo_texture = ExtResource("3_xfv5o")
uv1_scale = Vector3(2, 2, 2)
uv1_triplanar = true
texture_filter = 2

[sub_resource type="AnimationNodeAnimation" id="AnimationNodeAnimation_5ter2"]
animation = &"idle"

[sub_resource type="AnimationNodeAnimation" id="AnimationNodeAnimation_xfv5o"]
animation = &"run"

[sub_resource type="AnimationNodeBlend2" id="AnimationNodeBlend2_kny53"]

[sub_resource type="AnimationNodeBlendTree" id="AnimationNodeBlendTree_5ter2"]
graph_offset = Vector2(-43.51306, 252.59056)
nodes/output/position = Vector2(493.33334, 213.33333)
nodes/run/node = SubResource("AnimationNodeAnimation_xfv5o")
nodes/run/position = Vector2(-80, 373.33334)
nodes/walk_speed/node = SubResource("AnimationNodeBlend2_kny53")
nodes/walk_speed/position = Vector2(200, 200)
nodes/idle/node = SubResource("AnimationNodeAnimation_5ter2")
nodes/idle/position = Vector2(-53.333332, 160)
node_connections = [&"output", 0, &"walk_speed", &"walk_speed", 0, &"idle", &"walk_speed", 1, &"run"]

[node name="VenlilTemplate" type="Node3D" unique_id=835283008]
script = ExtResource("1_xfv5o")

[node name="Venlil" parent="." unique_id=953485397 instance=ExtResource("1_5ter2")]

[node name="Skeleton3D" parent="Venlil/Armature" parent_id_path=PackedInt32Array(953485397, 276168754) index="0" unique_id=615060056]
bones/2/rotation = Quaternion(0.027984591, -0.02292989, 0.9962035, -0.079182215)
bones/3/rotation = Quaternion(0.102847524, -0.019446742, -0.0005319269, 0.9945069)
bones/5/rotation = Quaternion(0.7006688, 0.08013336, 0.70886964, -0.012070906)
bones/6/rotation = Quaternion(-0.08671469, 0.005374138, 0.19418569, 0.97710985)
bones/7/rotation = Quaternion(0.01135199, -0.0061836476, -0.5627295, 0.82654005)
bones/8/rotation = Quaternion(-0.30864707, 6.991123e-17, -6.7223354e-17, 0.95117664)
bones/9/rotation = Quaternion(0.24110788, 5.3536674e-17, -1.1506396e-23, 0.9704983)
bones/10/rotation = Quaternion(0.060295973, 1.3217874e-17, 1.3401937e-23, 0.9981806)
bones/11/rotation = Quaternion(-0.027984586, -0.022929886, 0.9962035, 0.0791822)
bones/12/rotation = Quaternion(0.10284751, 0.019446746, 0.00053192227, 0.9945069)
bones/14/rotation = Quaternion(-0.7006688, 0.08013336, 0.70886964, 0.012070906)
bones/15/rotation = Quaternion(-0.08671469, -0.005374138, -0.19418569, 0.97710985)
bones/16/rotation = Quaternion(0.011352158, 0.0061833994, 0.5627295, 0.82654005)

[node name="Head" parent="Venlil/Armature/Skeleton3D/Head_2" parent_id_path=PackedInt32Array(953485397, 1930658881) index="0" unique_id=2069968056]
material_override = SubResource("StandardMaterial3D_xfv5o")

[node name="Hand_L_2" parent="Venlil/Armature/Skeleton3D" index="1" unique_id=1943431836]
transform = Transform3D(-0.9876835, 0.14211987, 0.06545134, -0.1267737, -0.9720455, 0.19762504, 0.09170816, 0.18689339, 0.9780901, 0.22866333, 0.41028106, -0.009595953)

[node name="Hand_L" parent="Venlil/Armature/Skeleton3D/Hand_L_2" index="0" unique_id=769421237]
material_override = SubResource("StandardMaterial3D_xfv5o")

[node name="Arm2_L_2" parent="Venlil/Armature/Skeleton3D" index="2" unique_id=676625984]
transform = Transform3D(-0.9836491, 0.16821988, 0.06432171, -0.15185018, -0.9666974, 0.20600414, 0.09683363, 0.19286843, 0.9764349, 0.19112237, 0.6260149, -0.052637592)

[node name="Arm2_L" parent="Venlil/Armature/Skeleton3D/Arm2_L_2" index="0" unique_id=1828596342]
material_override = SubResource("StandardMaterial3D_xfv5o")

[node name="Arm1_L_2" parent="Venlil/Armature/Skeleton3D" index="3" unique_id=1131926001]
transform = Transform3D(-0.98589456, 0.15647982, 0.059387967, -0.1568819, -0.98761505, -0.0021392554, 0.05831773, -0.011425972, 0.99823266, 0.155, 0.854, -0.049999982)

[node name="Arm1_L" parent="Venlil/Armature/Skeleton3D/Arm1_L_2" index="0" unique_id=1907083992]
material_override = SubResource("StandardMaterial3D_xfv5o")

[node name="Foot_L_2" parent="Venlil/Armature/Skeleton3D" index="4" unique_id=571923663]
transform = Transform3D(0.03187038, -3.7252903e-09, 0.99949175, 0.8061912, -0.5910967, -0.025706638, 0.59079653, 0.8066009, -0.018838491, 0.09799996, -0.18699995, -0.08200001)

[node name="Foot_L" parent="Venlil/Armature/Skeleton3D/Foot_L_2" index="0" unique_id=1747547476]
material_override = SubResource("StandardMaterial3D_xfv5o")

[node name="Leg2_L_2" parent="Venlil/Armature/Skeleton3D" index="5" unique_id=1432297643]
transform = Transform3D(-0.011303071, -0.041451782, 0.99907637, -0.25364035, -0.96634406, -0.042963237, 0.96723264, -0.25389192, 0.0004087883, 0.11399998, 0.18600011, 0.015999982)

[node name="Leg2_L" parent="Venlil/Armature/Skeleton3D/Leg2_L_2" index="0" unique_id=1670625541]
material_override = SubResource("StandardMaterial3D_xfv5o")

[node name="Leg1_L_2" parent="Venlil/Armature/Skeleton3D" index="6" unique_id=1756363944]
transform = Transform3D(-0.017835021, 0.12940727, 0.9914311, 0.13410878, -0.9823189, 0.13063043, 0.99080616, 0.13528939, 0.00016501546, 0.07, 0.52000004, -0.03)

[node name="Leg1_L" parent="Venlil/Armature/Skeleton3D/Leg1_L_2" index="0" unique_id=1709449818]
material_override = SubResource("StandardMaterial3D_xfv5o")

[node name="Tail3_2" parent="Venlil/Armature/Skeleton3D" index="7" unique_id=605618792]
transform = Transform3D(1, 2.0891839e-16, 2.21317e-16, -2.2161683e-16, 0.9982565, 0.05902236, -2.0860034e-16, -0.059022225, 0.9982566, 5.952005e-17, 0.91341484, -0.29594544)

[node name="Tail3" parent="Venlil/Armature/Skeleton3D/Tail3_2" index="0" unique_id=1648214764]
material_override = SubResource("StandardMaterial3D_xfv5o")

[node name="Tail2_2" parent="Venlil/Armature/Skeleton3D" index="8" unique_id=2124001451]
transform = Transform3D(1, 1.8235283e-16, 2.1846815e-16, -2.1846821e-16, 0.9838934, 0.17875585, -1.8235277e-16, -0.17875573, 0.98389345, 1.9402431e-17, 0.6969583, -0.2566192)

[node name="Tail2" parent="Venlil/Armature/Skeleton3D/Tail2_2" index="0" unique_id=1354928336]
material_override = SubResource("StandardMaterial3D_xfv5o")

[node name="Tail1_2" parent="Venlil/Armature/Skeleton3D" index="9" unique_id=1728326500]
transform = Transform3D(1, 8.4726773e-17, 1.7449244e-16, -1.7449244e-16, 0.78584415, 0.6184245, -8.4726773e-17, -0.6184244, 0.78584427, 0, 0.517, -0.114999995)

[node name="Tail1" parent="Venlil/Armature/Skeleton3D/Tail1_2" index="0" unique_id=180865176]
material_override = SubResource("StandardMaterial3D_xfv5o")

[node name="Hand_R_2" parent="Venlil/Armature/Skeleton3D" index="10" unique_id=1951983861]
transform = Transform3D(-0.9876835, -0.14211985, -0.065451354, 0.12677369, -0.9720455, 0.19762501, -0.091708146, 0.18689336, 0.9780901, -0.22866331, 0.41028106, -0.00959596)

[node name="Hand_R" parent="Venlil/Armature/Skeleton3D/Hand_R_2" index="0" unique_id=659410693]
material_override = SubResource("StandardMaterial3D_xfv5o")

[node name="Arm2_R_2" parent="Venlil/Armature/Skeleton3D" index="11" unique_id=1227133912]
transform = Transform3D(-0.9836491, -0.16821986, -0.06432173, 0.15185016, -0.9666974, 0.20600411, -0.09683362, 0.1928684, 0.9764349, -0.19112235, 0.6260149, -0.052637592)

[node name="Arm2_R" parent="Venlil/Armature/Skeleton3D/Arm2_R_2" index="0" unique_id=1135035444]
material_override = SubResource("StandardMaterial3D_xfv5o")

[node name="Arm1_R_2" parent="Venlil/Armature/Skeleton3D" index="12" unique_id=128091190]
transform = Transform3D(-0.98589456, -0.15647979, -0.059387956, 0.15688187, -0.98761505, -0.002139248, -0.058317713, -0.0114259645, 0.99823266, -0.155, 0.854, -0.049999982)

[node name="Arm1_R" parent="Venlil/Armature/Skeleton3D/Arm1_R_2" index="0" unique_id=1080035518]
material_override = SubResource("StandardMaterial3D_xfv5o")

[node name="Foot_R_2" parent="Venlil/Armature/Skeleton3D" index="13" unique_id=1960537661]
transform = Transform3D(0.031869777, 3.7252903e-09, -0.99949175, -0.8061911, -0.5910967, -0.025706153, -0.5907965, 0.8066009, -0.018838137, -0.09799996, -0.18699995, -0.08200001)

[node name="Foot_R" parent="Venlil/Armature/Skeleton3D/Foot_R_2" index="0" unique_id=752275341]
material_override = SubResource("StandardMaterial3D_xfv5o")

[node name="Leg2_R_2" parent="Venlil/Armature/Skeleton3D" index="14" unique_id=1136528710]
transform = Transform3D(-0.011303071, 0.041451782, -0.99907637, 0.25364035, -0.96634406, -0.042963237, -0.96723264, -0.25389192, 0.0004087883, -0.11399998, 0.18600011, 0.015999982)

[node name="Leg2_R" parent="Venlil/Armature/Skeleton3D/Leg2_R_2" index="0" unique_id=224991973]
material_override = SubResource("StandardMaterial3D_xfv5o")

[node name="Leg1_R_2" parent="Venlil/Armature/Skeleton3D" index="15" unique_id=1330741674]
transform = Transform3D(-0.017835021, -0.12940727, -0.9914311, -0.13410878, -0.9823189, 0.13063043, -0.99080616, 0.13528939, 0.00016501546, -0.07, 0.52000004, -0.03)

[node name="Leg1_R" parent="Venlil/Armature/Skeleton3D/Leg1_R_2" index="0" unique_id=819433717]
material_override = SubResource("StandardMaterial3D_xfv5o")

[node name="Torso" parent="Venlil/Armature/Skeleton3D/Torso_2" parent_id_path=PackedInt32Array(953485397, 2059137144) index="0" unique_id=1492461201]
material_override = SubResource("StandardMaterial3D_xfv5o")

[node name="AnimationTree" type="AnimationTree" parent="." unique_id=1462497566]
root_node = NodePath("../Venlil")
tree_root = SubResource("AnimationNodeBlendTree_5ter2")
anim_player = NodePath("../Venlil/AnimationPlayer")
parameters/walk_speed/blend_amount = 0.0

[editable path="Venlil"]
