[gd_scene format=3 uid="uid://buvhqk4tglnl1"]

[ext_resource type="PackedScene" uid="uid://3hm6qxp4x5eo" path="res://models/venlil/venlil.glb" id="1_5ter2"]
[ext_resource type="Script" uid="uid://b5xgtfha0evud" path="res://source/venlil_template/venlil_template.gd" id="1_xfv5o"]
[ext_resource type="Texture2D" uid="uid://brfka2r8cqmvb" path="res://source/venlil_template/venlil_fur_noise_texture.tres" id="3_xfv5o"]

[sub_resource type="StandardMaterial3D" id="StandardMaterial3D_xfv5o"]
resource_local_to_scene = true
albedo_texture = ExtResource("3_xfv5o")
uv1_scale = Vector3(2, 2, 2)
uv1_triplanar = true
texture_filter = 2

[sub_resource type="AnimationNodeAnimation" id="AnimationNodeAnimation_5ter2"]
animation = &"idle"

[sub_resource type="AnimationNodeAnimation" id="AnimationNodeAnimation_xfv5o"]
animation = &"run"

[sub_resource type="AnimationNodeBlend2" id="AnimationNodeBlend2_kny53"]

[sub_resource type="AnimationNodeBlendTree" id="AnimationNodeBlendTree_5ter2"]
graph_offset = Vector2(-43.51306, 252.59056)
nodes/output/position = Vector2(493.33334, 213.33333)
nodes/run/node = SubResource("AnimationNodeAnimation_xfv5o")
nodes/run/position = Vector2(-80, 373.33334)
nodes/walk_speed/node = SubResource("AnimationNodeBlend2_kny53")
nodes/walk_speed/position = Vector2(200, 200)
nodes/idle/node = SubResource("AnimationNodeAnimation_5ter2")
nodes/idle/position = Vector2(-53.333332, 160)
node_connections = [&"output", 0, &"walk_speed", &"walk_speed", 0, &"idle", &"walk_speed", 1, &"run"]

[node name="VenlilTemplate" type="Node3D" unique_id=835283008]
script = ExtResource("1_xfv5o")

[node name="Venlil" parent="." unique_id=953485397 instance=ExtResource("1_5ter2")]

[node name="Skeleton3D" parent="Venlil/Armature" parent_id_path=PackedInt32Array(953485397, 1063560642) index="0" unique_id=1896274650]
bones/2/rotation = Quaternion(0.027980363, -0.022921748, 0.996183, -0.07944331)
bones/3/rotation = Quaternion(0.102847524, -0.019446742, -0.0005319269, 0.9945069)
bones/5/rotation = Quaternion(0.7006688, 0.08013336, 0.70886964, -0.012070906)
bones/6/rotation = Quaternion(-0.08671469, 0.005374138, 0.19418569, 0.97710985)
bones/7/rotation = Quaternion(0.01135199, -0.0061836476, -0.5627295, 0.82654005)
bones/8/rotation = Quaternion(-0.30864707, 6.991123e-17, -6.7223354e-17, 0.95117664)
bones/9/rotation = Quaternion(0.24110788, 5.3536674e-17, -1.1506396e-23, 0.9704983)
bones/10/rotation = Quaternion(0.06010775, 1.7659598e-17, 1.2971005e-23, 0.99819195)
bones/11/rotation = Quaternion(-0.027980363, -0.02292175, 0.996183, 0.07944328)
bones/12/rotation = Quaternion(0.10284751, 0.019446746, 0.00053192227, 0.9945069)
bones/14/rotation = Quaternion(-0.7006688, 0.08013336, 0.70886964, 0.012070906)
bones/15/rotation = Quaternion(-0.08671469, -0.005374138, -0.19418569, 0.97710985)
bones/16/rotation = Quaternion(0.011352158, 0.0061833994, 0.5627295, 0.82654005)

[node name="Head" parent="Venlil/Armature/Skeleton3D/Head_2" parent_id_path=PackedInt32Array(953485397, 345971106) index="0" unique_id=786245770]
material_override = SubResource("StandardMaterial3D_xfv5o")

[node name="Hand_L_2" parent="Venlil/Armature/Skeleton3D" index="1" unique_id=599892005]
transform = Transform3D(-0.9876168, 0.14262931, 0.06534776, -0.12729137, -0.97197074, 0.19765928, 0.09170815, 0.18689337, 0.9780901, 0.22889587, 0.41031983, -0.00959596)

[node name="Hand_L" parent="Venlil/Armature/Skeleton3D/Hand_L_2" index="0" unique_id=864297084]
material_override = SubResource("StandardMaterial3D_xfv5o")

[node name="Arm2_L_2" parent="Venlil/Armature/Skeleton3D" index="2" unique_id=1604431557]
transform = Transform3D(-0.9835692, 0.16872652, 0.06421374, -0.15236571, -0.96660894, 0.20603779, 0.096833624, 0.19286841, 0.9764349, 0.19124185, 0.6260339, -0.052637596)

[node name="Arm2_L" parent="Venlil/Armature/Skeleton3D/Arm2_L_2" index="0" unique_id=1709939103]
material_override = SubResource("StandardMaterial3D_xfv5o")

[node name="Arm1_L_2" parent="Venlil/Armature/Skeleton3D" index="3" unique_id=646806809]
transform = Transform3D(-0.98581207, 0.15699741, 0.059389077, -0.1573986, -0.98753273, -0.0021081306, 0.058317725, -0.011425979, 0.99823266, 0.155, 0.854, -0.049999982)

[node name="Arm1_L" parent="Venlil/Armature/Skeleton3D/Arm1_L_2" index="0" unique_id=1957620059]
material_override = SubResource("StandardMaterial3D_xfv5o")

[node name="Foot_L_2" parent="Venlil/Armature/Skeleton3D" index="4" unique_id=2045614468]
transform = Transform3D(0.03187038, -3.7252903e-09, 0.99949175, 0.8061912, -0.5910967, -0.025706638, 0.59079653, 0.8066009, -0.018838491, 0.09799996, -0.18699995, -0.08200001)

[node name="Foot_L" parent="Venlil/Armature/Skeleton3D/Foot_L_2" index="0" unique_id=2055214166]
material_override = SubResource("StandardMaterial3D_xfv5o")

[node name="Leg2_L_2" parent="Venlil/Armature/Skeleton3D" index="5" unique_id=1162471955]
transform = Transform3D(-0.011303071, -0.041451782, 0.99907637, -0.25364035, -0.96634406, -0.042963237, 0.96723264, -0.25389192, 0.0004087883, 0.11399998, 0.18600011, 0.015999982)

[node name="Leg2_L" parent="Venlil/Armature/Skeleton3D/Leg2_L_2" index="0" unique_id=352154464]
material_override = SubResource("StandardMaterial3D_xfv5o")

[node name="Leg1_L_2" parent="Venlil/Armature/Skeleton3D" index="6" unique_id=927185334]
transform = Transform3D(-0.017835021, 0.12940727, 0.9914311, 0.13410878, -0.9823189, 0.13063043, 0.99080616, 0.13528939, 0.00016501546, 0.07, 0.52000004, -0.03)

[node name="Leg1_L" parent="Venlil/Armature/Skeleton3D/Leg1_L_2" index="0" unique_id=324643740]
material_override = SubResource("StandardMaterial3D_xfv5o")

[node name="Tail3_2" parent="Venlil/Armature/Skeleton3D" index="7" unique_id=1163684368]
transform = Transform3D(1, 2.0937385e-16, 2.3026286e-16, -2.2268152e-16, 0.9982342, 0.059398822, -2.1741977e-16, -0.05939869, 0.99823433, 5.952005e-17, 0.91341484, -0.29594544)

[node name="Tail3" parent="Venlil/Armature/Skeleton3D/Tail3_2" index="0" unique_id=269710865]
material_override = SubResource("StandardMaterial3D_xfv5o")

[node name="Tail2_2" parent="Venlil/Armature/Skeleton3D" index="8" unique_id=2140915177]
transform = Transform3D(1, 1.8235283e-16, 2.1846815e-16, -2.1846821e-16, 0.9838934, 0.17875585, -1.8235277e-16, -0.17875573, 0.98389345, 1.9402431e-17, 0.6969583, -0.2566192)

[node name="Tail2" parent="Venlil/Armature/Skeleton3D/Tail2_2" index="0" unique_id=101276228]
material_override = SubResource("StandardMaterial3D_xfv5o")

[node name="Tail1_2" parent="Venlil/Armature/Skeleton3D" index="9" unique_id=93363492]
transform = Transform3D(1, 8.4726773e-17, 1.7449244e-16, -1.7449244e-16, 0.78584415, 0.6184245, -8.4726773e-17, -0.6184244, 0.78584427, 0, 0.517, -0.114999995)

[node name="Tail1" parent="Venlil/Armature/Skeleton3D/Tail1_2" index="0" unique_id=56612483]
material_override = SubResource("StandardMaterial3D_xfv5o")

[node name="Hand_R_2" parent="Venlil/Armature/Skeleton3D" index="10" unique_id=1255784142]
transform = Transform3D(-0.987617, -0.14262928, -0.06534779, 0.12729134, -0.971971, 0.19765928, -0.09170816, 0.18689334, 0.9780901, -0.22889584, 0.41031966, -0.009595968)

[node name="Hand_R" parent="Venlil/Armature/Skeleton3D/Hand_R_2" index="0" unique_id=882494659]
material_override = SubResource("StandardMaterial3D_xfv5o")

[node name="Arm2_R_2" parent="Venlil/Armature/Skeleton3D" index="11" unique_id=450492421]
transform = Transform3D(-0.98356944, -0.1687265, -0.06421377, 0.15236568, -0.9666092, 0.20603779, -0.09683363, 0.19286838, 0.9764349, -0.19124183, 0.6260338, -0.052637596)

[node name="Arm2_R" parent="Venlil/Armature/Skeleton3D/Arm2_R_2" index="0" unique_id=1475060230]
material_override = SubResource("StandardMaterial3D_xfv5o")

[node name="Arm1_R_2" parent="Venlil/Armature/Skeleton3D" index="12" unique_id=1435963184]
transform = Transform3D(-0.9858123, -0.15699737, -0.05938908, 0.15739855, -0.987533, -0.0021081418, -0.058317725, -0.011425979, 0.99823266, -0.155, 0.854, -0.049999982)

[node name="Arm1_R" parent="Venlil/Armature/Skeleton3D/Arm1_R_2" index="0" unique_id=804113775]
material_override = SubResource("StandardMaterial3D_xfv5o")

[node name="Foot_R_2" parent="Venlil/Armature/Skeleton3D" index="13" unique_id=1383622965]
transform = Transform3D(0.031869777, 3.7252903e-09, -0.99949175, -0.8061911, -0.5910967, -0.025706153, -0.5907965, 0.8066009, -0.018838137, -0.09799996, -0.18699995, -0.08200001)

[node name="Foot_R" parent="Venlil/Armature/Skeleton3D/Foot_R_2" index="0" unique_id=1976968281]
material_override = SubResource("StandardMaterial3D_xfv5o")

[node name="Leg2_R_2" parent="Venlil/Armature/Skeleton3D" index="14" unique_id=1967732447]
transform = Transform3D(-0.011303071, 0.041451782, -0.99907637, 0.25364035, -0.96634406, -0.042963237, -0.96723264, -0.25389192, 0.0004087883, -0.11399998, 0.18600011, 0.015999982)

[node name="Leg2_R" parent="Venlil/Armature/Skeleton3D/Leg2_R_2" index="0" unique_id=1597153550]
material_override = SubResource("StandardMaterial3D_xfv5o")

[node name="Leg1_R_2" parent="Venlil/Armature/Skeleton3D" index="15" unique_id=1173152388]
transform = Transform3D(-0.017835021, -0.12940727, -0.9914311, -0.13410878, -0.9823189, 0.13063043, -0.99080616, 0.13528939, 0.00016501546, -0.07, 0.52000004, -0.03)

[node name="Leg1_R" parent="Venlil/Armature/Skeleton3D/Leg1_R_2" index="0" unique_id=512597579]
material_override = SubResource("StandardMaterial3D_xfv5o")

[node name="Torso" parent="Venlil/Armature/Skeleton3D/Torso_2" parent_id_path=PackedInt32Array(953485397, 822696385) index="0" unique_id=1102094068]
material_override = SubResource("StandardMaterial3D_xfv5o")

[node name="AnimationTree" type="AnimationTree" parent="." unique_id=1462497566]
root_node = NodePath("../Venlil")
tree_root = SubResource("AnimationNodeBlendTree_5ter2")
anim_player = NodePath("../Venlil/AnimationPlayer")
parameters/walk_speed/blend_amount = 0.0

[editable path="Venlil"]
