[gd_scene format=3 uid="uid://buvhqk4tglnl1"]

[ext_resource type="PackedScene" uid="uid://3hm6qxp4x5eo" path="res://models/venlil/venlil.glb" id="1_5ter2"]
[ext_resource type="Script" uid="uid://b5xgtfha0evud" path="res://source/venlil_template/venlil_template.gd" id="1_xfv5o"]
[ext_resource type="PackedScene" uid="uid://c3r471fjt4lkh" path="res://source/components/character_controller_component/character_controller_component.tscn" id="2_ymgaj"]
[ext_resource type="PackedScene" uid="uid://dr8g8pk7na8w7" path="res://models/venlil/venlil_arms.glb" id="3_kgiqe"]
[ext_resource type="Material" uid="uid://cmm35fibc51co" path="res://source/venlil_template/venlil_fur.tres" id="4_i7giv"]
[ext_resource type="PackedScene" uid="uid://ddqsdxcn6q713" path="res://models/pistol/pistol.glb" id="6_qcdkb"]
[ext_resource type="Material" uid="uid://dsisanhqvj0la" path="res://source/pistol/pistol_material.tres" id="6_u11nn"]
[ext_resource type="PackedScene" uid="uid://by64ihvjrspfb" path="res://models/flamethrower/flamethrower.glb" id="7_f6pf5"]
[ext_resource type="Script" uid="uid://c6feu3bd8uwhi" path="res://source/components/viewmodel_animator/viewmodel_animator.gd" id="7_qcdkb"]
[ext_resource type="AnimationNodeBlendTree" uid="uid://cypscsuro2hoo" path="res://source/venlil_template/venlil_animation_node_blend_tree.tres" id="8_rab8v"]
[ext_resource type="PackedScene" uid="uid://bp0ce46ui3vc4" path="res://source/pistol/pistol.tscn" id="9_i7giv"]

[sub_resource type="CapsuleShape3D" id="CapsuleShape3D_xfv5o"]
resource_local_to_scene = true
radius = 0.25
height = 1.5

[node name="VenlilTemplate" type="CharacterBody3D" unique_id=295057403 node_paths=PackedStringArray("third_person_meshes", "first_person_arms", "viewmodel_subviewport_container")]
floor_constant_speed = true
script = ExtResource("1_xfv5o")
preset = "venlil"
walk_speed = 3.0
run_speed = 6.0
mass = 50.0
jump_speed = 4.0
third_person_meshes = [NodePath("Venlil/Armature/Skeleton3D/Head/Head_m"), NodePath("Venlil/Armature/Skeleton3D/Hand_L/Hand_L_m"), NodePath("Venlil/Armature/Skeleton3D/Arm2_L/Arm2_L_m"), NodePath("Venlil/Armature/Skeleton3D/Arm1_L/Arm1_L_m"), NodePath("Venlil/Armature/Skeleton3D/Foot_L/Foot_L_m"), NodePath("Venlil/Armature/Skeleton3D/Leg2_L/Leg2_L_m"), NodePath("Venlil/Armature/Skeleton3D/Leg1_L/Leg1_L_m"), NodePath("Venlil/Armature/Skeleton3D/Tail3/Tail3_m"), NodePath("Venlil/Armature/Skeleton3D/Tail2/Tail2_m"), NodePath("Venlil/Armature/Skeleton3D/Tail1/Tail1_m"), NodePath("Venlil/Armature/Skeleton3D/Hand_R/Hand_R_m"), NodePath("Venlil/Armature/Skeleton3D/Arm2_R/Arm2_R_m"), NodePath("Venlil/Armature/Skeleton3D/Arm1_R/Arm1_R_m"), NodePath("Venlil/Armature/Skeleton3D/Foot_R/Foot_R_m"), NodePath("Venlil/Armature/Skeleton3D/Leg2_R/Leg2_R_m"), NodePath("Venlil/Armature/Skeleton3D/Leg1_R/Leg1_R_m"), NodePath("Venlil/Armature/Skeleton3D/Torso/Torso_m"), NodePath("Venlil/Armature/Skeleton3D/WeaponBoneAttachment/pistol/Pistol"), NodePath("Venlil/Armature/Skeleton3D/WeaponBoneAttachment/flamethrower/Flamethrower")]
first_person_arms = NodePath("SubViewportContainer/SubViewport/Camera3D/venlil_arms")
viewmodel_subviewport_container = NodePath("SubViewportContainer")
metadata/_custom_type_script = "uid://bq2fqn7plyjoy"

[node name="CollisionShape3D" type="CollisionShape3D" parent="." unique_id=1404266998]
transform = Transform3D(1, 0, 0, 0, 1, 0, 0, 0, 1, 0, 0.75, 0)
shape = SubResource("CapsuleShape3D_xfv5o")

[node name="CharacterControllerComponent" parent="." unique_id=1610684037 instance=ExtResource("2_ymgaj")]
camera_height = 1.4

[node name="Camera3D" parent="CharacterControllerComponent/Head" parent_id_path=PackedInt32Array(1610684037, 1612634824) index="0" unique_id=415665129]
cull_mask = 1048569

[node name="PistolRayCast" type="RayCast3D" parent="CharacterControllerComponent/Head/Camera3D" index="3" unique_id=394136970]
target_position = Vector3(0, 0, -30)

[node name="Venlil" parent="." unique_id=953485397 instance=ExtResource("1_5ter2")]
transform = Transform3D(-1, 0, -1.509958e-07, 0, 1, 0, 1.509958e-07, 0, -1, 0, 0, 0)

[node name="Skeleton3D" parent="Venlil/Armature" parent_id_path=PackedInt32Array(953485397, 1927860449) index="0" unique_id=1520887729]
bones/2/rotation = Quaternion(0.04543959, 0.32674587, 0.92219263, 0.20182449)
bones/3/rotation = Quaternion(0.2508527, 0.14951529, -0.13809787, 0.94638634)
bones/4/rotation = Quaternion(0.09575724, -0.19751434, -0.08415577, 0.97197556)
bones/5/rotation = Quaternion(0.7006688, 0.08013336, 0.70886964, -0.012070906)
bones/6/rotation = Quaternion(-0.08671469, 0.005374138, 0.19418569, 0.97710985)
bones/7/rotation = Quaternion(0.01135199, -0.0061836476, -0.5627295, 0.82654005)
bones/8/rotation = Quaternion(-0.30864707, 6.991123e-17, -6.7223354e-17, 0.95117664)
bones/9/rotation = Quaternion(0.24110788, 5.3536674e-17, -1.1506396e-23, 0.9704983)
bones/10/rotation = Quaternion(0.09167982, 1.3218919e-17, 1.07121e-23, 0.9957886)
bones/11/rotation = Quaternion(0.054444384, 0.24348617, 0.9682944, -0.012507783)
bones/12/rotation = Quaternion(0.5216315, -0.013201139, 0.11290933, 0.84556365)
bones/13/rotation = Quaternion(-0.013653704, 0.0021102554, -0.13354973, 0.9909458)
bones/14/rotation = Quaternion(-0.7006688, 0.08013336, 0.70886964, 0.012070906)
bones/15/rotation = Quaternion(-0.08671469, -0.005374138, -0.19418569, 0.97710985)
bones/16/rotation = Quaternion(0.011352158, 0.0061833994, 0.5627295, 0.82654005)

[node name="Head_m" parent="Venlil/Armature/Skeleton3D/Head" parent_id_path=PackedInt32Array(953485397, 273263673) index="0" unique_id=785928531]
material_override = ExtResource("4_i7giv")

[node name="Hand_L" parent="Venlil/Armature/Skeleton3D" index="1" unique_id=519344852]
transform = Transform3D(-0.61259484, -0.5560412, 0.5617356, 0.63319016, 0.080131814, 0.7698373, -0.47307384, 0.827283, 0.30299127, -0.03576283, 0.9425655, 0.28916496)

[node name="Hand_L_m" parent="Venlil/Armature/Skeleton3D/Hand_L" index="0" unique_id=403062367]
material_override = ExtResource("4_i7giv")

[node name="Arm2_L" parent="Venlil/Armature/Skeleton3D" index="2" unique_id=1541281704]
transform = Transform3D(-0.85078937, -0.50046957, 0.160277, 0.27690256, -0.16772166, 0.94614726, -0.44663566, 0.84935254, 0.28127697, 0.07592488, 0.97999525, 0.099618465)

[node name="Arm2_L_m" parent="Venlil/Armature/Skeleton3D/Arm2_L" index="0" unique_id=143536327]
material_override = ExtResource("4_i7giv")

[node name="Arm1_L" parent="Venlil/Armature/Skeleton3D" index="3" unique_id=1857491150]
transform = Transform3D(-0.9144048, -0.34254768, 0.21569873, 0.3997439, -0.68013275, 0.6145114, -0.063795745, 0.648136, 0.7588476, 0.155, 1.137, -0.049999982)

[node name="Arm1_L_m" parent="Venlil/Armature/Skeleton3D/Arm1_L" index="0" unique_id=231928784]
material_override = ExtResource("4_i7giv")

[node name="Foot_L" parent="Venlil/Armature/Skeleton3D" index="4" unique_id=840796187]
transform = Transform3D(0.03187038, -3.7252903e-09, 0.99949175, 0.8061912, -0.5910967, -0.025706638, 0.59079653, 0.8066009, -0.018838491, 0.09799996, 0.096000046, -0.08200001)

[node name="Foot_L_m" parent="Venlil/Armature/Skeleton3D/Foot_L" index="0" unique_id=267846862]
material_override = ExtResource("4_i7giv")

[node name="Leg2_L" parent="Venlil/Armature/Skeleton3D" index="5" unique_id=1627998552]
transform = Transform3D(-0.011303071, -0.041451782, 0.99907637, -0.25364035, -0.96634406, -0.042963237, 0.96723264, -0.25389192, 0.0004087883, 0.11399998, 0.4690001, 0.015999982)

[node name="Leg2_L_m" parent="Venlil/Armature/Skeleton3D/Leg2_L" index="0" unique_id=180892830]
material_override = ExtResource("4_i7giv")

[node name="Leg1_L" parent="Venlil/Armature/Skeleton3D" index="6" unique_id=283274385]
transform = Transform3D(-0.017835021, 0.12940727, 0.9914311, 0.13410878, -0.9823189, 0.13063043, 0.99080616, 0.13528939, 0.00016501546, 0.07, 0.80300003, -0.03)

[node name="Leg1_L_m" parent="Venlil/Armature/Skeleton3D/Leg1_L" index="0" unique_id=1901373102]
material_override = ExtResource("4_i7giv")

[node name="Tail3" parent="Venlil/Armature/Skeleton3D" index="7" unique_id=935685807]
transform = Transform3D(1, 2.2160073e-16, 2.078268e-16, -2.2078942e-16, 0.9999923, -0.0038956553, -2.0868851e-16, 0.0038957745, 0.99999243, 5.952005e-17, 1.1964148, -0.29594544)

[node name="Tail3_m" parent="Venlil/Armature/Skeleton3D/Tail3" index="0" unique_id=892877539]
material_override = ExtResource("4_i7giv")

[node name="Tail2" parent="Venlil/Armature/Skeleton3D" index="8" unique_id=1525848245]
transform = Transform3D(1, 1.8235283e-16, 2.1846815e-16, -2.1846821e-16, 0.9838934, 0.17875585, -1.8235277e-16, -0.17875573, 0.98389345, 1.9402431e-17, 0.9799583, -0.2566192)

[node name="Tail2_m" parent="Venlil/Armature/Skeleton3D/Tail2" index="0" unique_id=1800187081]
material_override = ExtResource("4_i7giv")

[node name="Tail1" parent="Venlil/Armature/Skeleton3D" index="9" unique_id=579406179]
transform = Transform3D(1, 8.4726773e-17, 1.7449244e-16, -1.7449244e-16, 0.78584415, 0.6184245, -8.4726773e-17, -0.6184244, 0.78584427, 0, 0.8, -0.114999995)

[node name="Tail1_m" parent="Venlil/Armature/Skeleton3D/Tail1" index="0" unique_id=1395422482]
material_override = ExtResource("4_i7giv")

[node name="Hand_R" parent="Venlil/Armature/Skeleton3D" index="10" unique_id=1190401965]
transform = Transform3D(-0.9941523, 0.053841867, -0.09361428, -0.09247477, 0.023283796, 0.9954428, 0.055776186, 0.998278, -0.018168617, -0.0735239, 0.9543672, 0.27777207)

[node name="Hand_R_m" parent="Venlil/Armature/Skeleton3D/Hand_R" index="0" unique_id=351585780]
material_override = ExtResource("4_i7giv")

[node name="Arm2_R" parent="Venlil/Armature/Skeleton3D" index="11" unique_id=1397420420]
transform = Transform3D(-0.945166, 0.3126113, -0.09453359, -0.07522031, 0.07330197, 0.99446917, 0.31781164, 0.9470486, -0.045767784, -0.14328806, 0.9380087, 0.066423155)

[node name="Arm2_R_m" parent="Venlil/Armature/Skeleton3D/Arm2_R" index="0" unique_id=1233948517]
material_override = ExtResource("4_i7giv")

[node name="Arm1_R" parent="Venlil/Armature/Skeleton3D" index="12" unique_id=1834603580]
transform = Transform3D(-0.9937594, 0.050735332, 0.099345416, 0.006658979, -0.8620154, 0.5068382, 0.11135197, 0.5043364, 0.8562975, -0.155, 1.137, -0.049999982)

[node name="Arm1_R_m" parent="Venlil/Armature/Skeleton3D/Arm1_R" index="0" unique_id=1959321188]
material_override = ExtResource("4_i7giv")

[node name="Foot_R" parent="Venlil/Armature/Skeleton3D" index="13" unique_id=420002165]
transform = Transform3D(0.031869777, 3.7252903e-09, -0.99949175, -0.8061911, -0.5910967, -0.025706153, -0.5907965, 0.8066009, -0.018838137, -0.09799996, 0.096000046, -0.08200001)

[node name="Foot_R_m" parent="Venlil/Armature/Skeleton3D/Foot_R" index="0" unique_id=1405512574]
material_override = ExtResource("4_i7giv")

[node name="Leg2_R" parent="Venlil/Armature/Skeleton3D" index="14" unique_id=116541281]
transform = Transform3D(-0.011303071, 0.041451782, -0.99907637, 0.25364035, -0.96634406, -0.042963237, -0.96723264, -0.25389192, 0.0004087883, -0.11399998, 0.4690001, 0.015999982)

[node name="Leg2_R_m" parent="Venlil/Armature/Skeleton3D/Leg2_R" index="0" unique_id=272218893]
material_override = ExtResource("4_i7giv")

[node name="Leg1_R" parent="Venlil/Armature/Skeleton3D" index="15" unique_id=65725293]
transform = Transform3D(-0.017835021, -0.12940727, -0.9914311, -0.13410878, -0.9823189, 0.13063043, -0.99080616, 0.13528939, 0.00016501546, -0.07, 0.80300003, -0.03)

[node name="Leg1_R_m" parent="Venlil/Armature/Skeleton3D/Leg1_R" index="0" unique_id=1297818664]
material_override = ExtResource("4_i7giv")

[node name="Torso_m" parent="Venlil/Armature/Skeleton3D/Torso" parent_id_path=PackedInt32Array(953485397, 93963805) index="0" unique_id=461501766]
material_override = ExtResource("4_i7giv")

[node name="WeaponBoneAttachment" type="BoneAttachment3D" parent="Venlil/Armature/Skeleton3D" index="17" unique_id=2011920633]
transform = Transform3D(-0.9941523, 0.053841867, -0.09361428, -0.09247477, 0.023283796, 0.9954428, 0.055776186, 0.998278, -0.018168617, -0.0735239, 0.9543672, 0.27777207)
bone_name = "Hand_R"
bone_idx = 13

[node name="pistol" parent="Venlil/Armature/Skeleton3D/WeaponBoneAttachment" unique_id=142326505 instance=ExtResource("6_qcdkb")]
transform = Transform3D(1, 0, -8.8475645e-09, -7.450581e-09, 1, 1.8626451e-09, 1.2922101e-08, 0, 0.9999999, -0.0046454147, 0.0002515912, -0.00043737888)

[node name="Pistol" parent="Venlil/Armature/Skeleton3D/WeaponBoneAttachment/pistol" index="0" unique_id=1195441860]
transform = Transform3D(-1, 8.742278e-08, 3.821371e-15, 0, -4.371139e-08, 1, 8.742278e-08, 1, 4.371139e-08, 0.001, 0.031, -0.048)
material_override = ExtResource("6_u11nn")

[node name="flamethrower" parent="Venlil/Armature/Skeleton3D/WeaponBoneAttachment" unique_id=1515253173 instance=ExtResource("7_f6pf5")]
transform = Transform3D(-0.99894696, -0.013954582, -0.043706313, -0.03404016, -0.41327557, 0.90996903, -0.030760994, 0.91049874, 0.41236538, -0.00087604206, 0.09174475, -0.0718236)
visible = false

[node name="AnimationTree" type="AnimationTree" parent="." unique_id=1462497566]
editor_description = "If the character is not holding a weapon, set HoldWeapon to 0."
root_node = NodePath("../Venlil")
tree_root = ExtResource("8_rab8v")
anim_player = NodePath("../Venlil/AnimationPlayer")
parameters/WalkSpeed/blend_amount = 0.0
parameters/HoldWeapon/blend_amount = 1.0
parameters/Shoot/active = false
parameters/Shoot/internal_active = false
parameters/Shoot/request = 0

[node name="SubViewportContainer" type="SubViewportContainer" parent="." unique_id=1362777592]
visible = false
anchors_preset = 15
anchor_right = 1.0
anchor_bottom = 1.0
grow_horizontal = 2
grow_vertical = 2
stretch = true

[node name="SubViewport" type="SubViewport" parent="SubViewportContainer" unique_id=189872797]
transparent_bg = true
handle_input_locally = false
size = Vector2i(1152, 648)
render_target_update_mode = 0

[node name="Camera3D" type="Camera3D" parent="SubViewportContainer/SubViewport" unique_id=1123494492]
cull_mask = 2
fov = 90.0

[node name="venlil_arms" parent="SubViewportContainer/SubViewport/Camera3D" unique_id=81407531 instance=ExtResource("3_kgiqe")]
transform = Transform3D(-1, 0, -8.742278e-08, 0, 1, 0, 8.742278e-08, 0, -1, 0, -1.2499999, 0)
visible = false

[node name="Skeleton3D" parent="SubViewportContainer/SubViewport/Camera3D/venlil_arms/Armature_vm" parent_id_path=PackedInt32Array(81407531, 965526997) index="0" unique_id=1660910137]
bones/1/rotation = Quaternion(-0.5930554, 0.4643028, 0.65536517, 0.056610838)
bones/2/rotation = Quaternion(0.17167933, -0.20753302, 0.30839223, 0.9123325)
bones/3/rotation = Quaternion(0.15017232, 0.009353065, 0.123607025, 0.98085785)
bones/4/rotation = Quaternion(0.11837341, 0.2603401, 0.9557984, -0.06826624)
bones/5/rotation = Quaternion(0.687332, 0.059873533, -0.08262123, 0.719141)
bones/6/rotation = Quaternion(-0.21579875, -0.033420105, -0.036038894, 0.9752001)

[node name="Hand_L" parent="SubViewportContainer/SubViewport/Camera3D/venlil_arms/Armature_vm/Skeleton3D" index="0" unique_id=1570876300]
transform = Transform3D(-0.949482, -0.25827146, -0.1782693, -0.27195475, 0.39368898, 0.8780946, -0.15660466, 0.8822164, -0.44403827, -0.0828818, 1.0212097, 0.28235278)

[node name="Hand_L_vm" parent="SubViewportContainer/SubViewport/Camera3D/venlil_arms/Armature_vm/Skeleton3D/Hand_L" index="0" unique_id=225375472]
layers = 2
material_override = ExtResource("4_i7giv")

[node name="Arm2_L" parent="SubViewportContainer/SubViewport/Camera3D/venlil_arms/Armature_vm/Skeleton3D" index="1" unique_id=772379408]
transform = Transform3D(-0.86829054, -0.41952467, -0.2647084, -0.30924305, 0.040541813, 0.9501188, -0.387867, 0.90683836, -0.1649367, 0.01074177, 1.0121622, 0.07997742)

[node name="Arm2_L_vm" parent="SubViewportContainer/SubViewport/Camera3D/venlil_arms/Armature_vm/Skeleton3D/Arm2_L" index="0" unique_id=1059751438]
layers = 2
material_override = ExtResource("4_i7giv")

[node name="Arm1_L" parent="SubViewportContainer/SubViewport/Camera3D/venlil_arms/Armature_vm/Skeleton3D" index="2" unique_id=281446596]
transform = Transform3D(-0.2901613, -0.624916, -0.72476643, -0.5086676, -0.54078805, 0.6699297, -0.81059545, 0.5630524, -0.16095863, 0.155, 1.137, -0.049999982)

[node name="Arm1_L_vm" parent="SubViewportContainer/SubViewport/Camera3D/venlil_arms/Armature_vm/Skeleton3D/Arm1_L" index="0" unique_id=2048433673]
layers = 2
material_override = ExtResource("4_i7giv")

[node name="Hand_R" parent="SubViewportContainer/SubViewport/Camera3D/venlil_arms/Armature_vm/Skeleton3D" index="3" unique_id=1680250251]
transform = Transform3D(-0.9956176, -0.017365284, -0.09189965, -0.09288857, 0.069079965, 0.9932773, -0.010899715, 0.9974599, -0.07039043, -0.110420406, 1.0530365, 0.2635768)

[node name="Hand_R_vm" parent="SubViewportContainer/SubViewport/Camera3D/venlil_arms/Armature_vm/Skeleton3D/Hand_R" index="0" unique_id=630808577]
layers = 2
material_override = ExtResource("4_i7giv")

[node name="Arm2_R" parent="SubViewportContainer/SubViewport/Camera3D/venlil_arms/Armature_vm/Skeleton3D" index="4" unique_id=977073734]
transform = Transform3D(-0.98771757, 0.0010172278, -0.15625092, -0.13588236, 0.48811287, 0.862138, 0.07714541, 0.8727797, -0.4819792, -0.11064741, 0.94410634, 0.068802185)

[node name="Arm2_R_vm" parent="SubViewportContainer/SubViewport/Camera3D/venlil_arms/Armature_vm/Skeleton3D/Arm2_R" index="0" unique_id=1977889308]
layers = 2
material_override = ExtResource("4_i7giv")

[node name="Arm1_R" parent="SubViewportContainer/SubViewport/Camera3D/venlil_arms/Armature_vm/Skeleton3D" index="5" unique_id=1606248109]
transform = Transform3D(-0.96265566, 0.1921322, 0.19073732, -0.05855015, -0.83560085, 0.546208, 0.26432458, 0.5146422, 0.8156445, -0.155, 1.137, -0.049999982)

[node name="Arm1_R_vm" parent="SubViewportContainer/SubViewport/Camera3D/venlil_arms/Armature_vm/Skeleton3D/Arm1_R" index="0" unique_id=2031903154]
layers = 2
material_override = ExtResource("4_i7giv")

[node name="WeaponBoneAttachment" type="BoneAttachment3D" parent="SubViewportContainer/SubViewport/Camera3D/venlil_arms/Armature_vm/Skeleton3D" index="6" unique_id=114696014]
transform = Transform3D(-0.9956176, -0.017365284, -0.09189965, -0.09288857, 0.069079965, 0.9932773, -0.010899715, 0.9974599, -0.07039043, -0.110420406, 1.0530365, 0.2635768)
bone_name = "Hand_R"
bone_idx = 6

[node name="pistol" parent="SubViewportContainer/SubViewport/Camera3D/venlil_arms/Armature_vm/Skeleton3D/WeaponBoneAttachment" unique_id=107174757 instance=ExtResource("6_qcdkb")]
transform = Transform3D(-1, 4.8894435e-08, -9.313226e-10, -1.0244548e-08, -2.9802322e-08, 1, 1.2421515e-07, 1, 4.4703484e-08, -0.005, 0.031, -0.048)

[node name="Pistol" parent="SubViewportContainer/SubViewport/Camera3D/venlil_arms/Armature_vm/Skeleton3D/WeaponBoneAttachment/pistol" index="0" unique_id=1195441860]
layers = 2
material_override = ExtResource("6_u11nn")

[node name="ViewmodelAnimator" type="Node3D" parent="." unique_id=2040525839 node_paths=PackedStringArray("character", "arms")]
script = ExtResource("7_qcdkb")
character = NodePath("..")
arms = NodePath("../SubViewportContainer/SubViewport/Camera3D/venlil_arms")
arms_default_position = Vector3(0, -1.25, 0)
metadata/_custom_type_script = "uid://c6feu3bd8uwhi"

[node name="Node3D" type="Node3D" parent="." unique_id=857041034]
transform = Transform3D(1, 0, 0, 0, 0.99999994, 0, 0, 0, 1, -0.05554214, 0.48063856, -0.8114178)

[node name="Pistol" parent="." unique_id=220901149 node_paths=PackedStringArray("m_animation_tree", "vm_animation_player", "raycast") instance=ExtResource("9_i7giv")]
m_animation_tree = NodePath("../AnimationTree")
m_shoot_oneshot_name = &"shoot"
vm_animation_player = NodePath("../SubViewportContainer/SubViewport/Camera3D/venlil_arms/AnimationPlayer")
vm_shoot_animation_name = &"shoot_pistol_vm"
raycast = NodePath("../CharacterControllerComponent/Head/Camera3D/PistolRayCast")

[editable path="CharacterControllerComponent"]
[editable path="Venlil"]
[editable path="Venlil/Armature/Skeleton3D/WeaponBoneAttachment/pistol"]
[editable path="Venlil/Armature/Skeleton3D/WeaponBoneAttachment/flamethrower"]
[editable path="SubViewportContainer/SubViewport/Camera3D/venlil_arms"]
[editable path="SubViewportContainer/SubViewport/Camera3D/venlil_arms/Armature_vm/Skeleton3D/WeaponBoneAttachment/pistol"]
