[gd_scene format=3 uid="uid://buvhqk4tglnl1"]

[ext_resource type="PackedScene" uid="uid://3hm6qxp4x5eo" path="res://models/venlil/venlil.glb" id="1_5ter2"]
[ext_resource type="Script" uid="uid://b5xgtfha0evud" path="res://source/venlil_template/venlil_template.gd" id="1_xfv5o"]
[ext_resource type="PackedScene" uid="uid://c3r471fjt4lkh" path="res://source/components/character_controller_component/character_controller_component.tscn" id="2_ymgaj"]
[ext_resource type="PackedScene" uid="uid://dr8g8pk7na8w7" path="res://models/venlil/venlil_arms.glb" id="3_kgiqe"]
[ext_resource type="Material" uid="uid://cmm35fibc51co" path="res://source/venlil_template/venlil_fur.tres" id="4_i7giv"]
[ext_resource type="PackedScene" uid="uid://ddqsdxcn6q713" path="res://models/pistol/pistol.glb" id="6_qcdkb"]
[ext_resource type="Material" uid="uid://dsisanhqvj0la" path="res://source/weapons/pistol/pistol_material.tres" id="6_u11nn"]
[ext_resource type="PackedScene" uid="uid://by64ihvjrspfb" path="res://models/flamethrower/flamethrower.glb" id="7_f6pf5"]
[ext_resource type="Script" uid="uid://c6feu3bd8uwhi" path="res://source/components/viewmodel_animator/viewmodel_animator.gd" id="7_qcdkb"]
[ext_resource type="AnimationNodeBlendTree" uid="uid://cypscsuro2hoo" path="res://source/venlil_template/venlil_animation_node_blend_tree.tres" id="8_rab8v"]
[ext_resource type="PackedScene" uid="uid://bp0ce46ui3vc4" path="res://source/weapons/pistol/pistol.tscn" id="9_i7giv"]
[ext_resource type="PackedScene" uid="uid://bb0cbgg6ow7ye" path="res://source/weapons/flamer/flamer.tscn" id="12_1eqrq"]

[sub_resource type="CapsuleShape3D" id="CapsuleShape3D_xfv5o"]
resource_local_to_scene = true
radius = 0.25
height = 1.5

[node name="VenlilTemplate" type="CharacterBody3D" unique_id=295057403 node_paths=PackedStringArray("third_person_meshes", "first_person_arms", "viewmodel_subviewport_container")]
floor_constant_speed = true
script = ExtResource("1_xfv5o")
preset = "venlil"
walk_speed = 3.0
run_speed = 6.0
mass = 50.0
jump_speed = 4.0
third_person_meshes = [NodePath("Venlil/Armature/Skeleton3D/Head/Head_m"), NodePath("Venlil/Armature/Skeleton3D/Hand_L/Hand_L_m"), NodePath("Venlil/Armature/Skeleton3D/Arm2_L/Arm2_L_m"), NodePath("Venlil/Armature/Skeleton3D/Arm1_L/Arm1_L_m"), NodePath("Venlil/Armature/Skeleton3D/Foot_L/Foot_L_m"), NodePath("Venlil/Armature/Skeleton3D/Leg2_L/Leg2_L_m"), NodePath("Venlil/Armature/Skeleton3D/Leg1_L/Leg1_L_m"), NodePath("Venlil/Armature/Skeleton3D/Tail3/Tail3_m"), NodePath("Venlil/Armature/Skeleton3D/Tail2/Tail2_m"), NodePath("Venlil/Armature/Skeleton3D/Tail1/Tail1_m"), NodePath("Venlil/Armature/Skeleton3D/Hand_R/Hand_R_m"), NodePath("Venlil/Armature/Skeleton3D/Arm2_R/Arm2_R_m"), NodePath("Venlil/Armature/Skeleton3D/Arm1_R/Arm1_R_m"), NodePath("Venlil/Armature/Skeleton3D/Foot_R/Foot_R_m"), NodePath("Venlil/Armature/Skeleton3D/Leg2_R/Leg2_R_m"), NodePath("Venlil/Armature/Skeleton3D/Leg1_R/Leg1_R_m"), NodePath("Venlil/Armature/Skeleton3D/Torso/Torso_m"), NodePath("Venlil/Armature/Skeleton3D/WeaponBoneAttachment/pistol/Pistol"), NodePath("Venlil/Armature/Skeleton3D/WeaponBoneAttachment/flamethrower/Flamethrower")]
first_person_arms = NodePath("SubViewportContainer/SubViewport/Camera3D/venlil_arms")
viewmodel_subviewport_container = NodePath("SubViewportContainer")
metadata/_custom_type_script = "uid://bq2fqn7plyjoy"

[node name="CollisionShape3D" type="CollisionShape3D" parent="." unique_id=1404266998]
transform = Transform3D(1, 0, 0, 0, 1, 0, 0, 0, 1, 0, 0.75, 0)
shape = SubResource("CapsuleShape3D_xfv5o")

[node name="CharacterControllerComponent" parent="." unique_id=1610684037 instance=ExtResource("2_ymgaj")]
camera_height = 1.4

[node name="Camera3D" parent="CharacterControllerComponent/Head" parent_id_path=PackedInt32Array(1610684037, 1612634824) index="0" unique_id=415665129]
cull_mask = 1048569

[node name="PistolRayCast" type="RayCast3D" parent="CharacterControllerComponent/Head/Camera3D" index="3" unique_id=394136970]
target_position = Vector3(0, 0, -30)

[node name="Venlil" parent="." unique_id=953485397 instance=ExtResource("1_5ter2")]
transform = Transform3D(-1, 0, -1.509958e-07, 0, 1, 0, 1.509958e-07, 0, -1, 0, 0, 0)

[node name="Skeleton3D" parent="Venlil/Armature" parent_id_path=PackedInt32Array(953485397, 515283581) index="0" unique_id=684760421]
bones/2/rotation = Quaternion(0.018759347, 0.41116124, 0.8743263, 0.25719273)
bones/3/rotation = Quaternion(0.11179127, 0.16056629, -0.150942, 0.96898806)
bones/4/rotation = Quaternion(0.045044534, -0.19674158, -0.062588885, 0.9774183)
bones/5/rotation = Quaternion(0.7006688, 0.08013336, 0.70886964, -0.012070906)
bones/6/rotation = Quaternion(-0.08671469, 0.005374138, 0.19418569, 0.97710985)
bones/7/rotation = Quaternion(0.01135199, -0.0061836476, -0.5627295, 0.82654005)
bones/8/rotation = Quaternion(-0.30864707, 6.991123e-17, -6.7223354e-17, 0.95117664)
bones/9/rotation = Quaternion(0.24110788, 5.3536674e-17, -1.1506396e-23, 0.9704983)
bones/10/rotation = Quaternion(0.060120344, 1.7755966e-17, 1.29113985e-23, 0.99819124)
bones/11/rotation = Quaternion(0.008881659, -0.4367796, 0.89625823, 0.07659024)
bones/12/rotation = Quaternion(0.93154186, -0.0050092232, 0.13335742, 0.33826128)
bones/13/rotation = Quaternion(-0.30565736, -0.032095864, -0.0828772, 0.9479847)
bones/14/rotation = Quaternion(-0.7006688, 0.08013336, 0.70886964, 0.012070906)
bones/15/rotation = Quaternion(-0.08671469, -0.005374138, -0.19418569, 0.97710985)
bones/16/rotation = Quaternion(0.011352158, 0.0061833994, 0.5627295, 0.82654005)

[node name="Head_m" parent="Venlil/Armature/Skeleton3D/Head" parent_id_path=PackedInt32Array(953485397, 2103673648) index="0" unique_id=1211658006]
material_override = ExtResource("4_i7giv")

[node name="Hand_L" parent="Venlil/Armature/Skeleton3D" index="1" unique_id=296615097]
transform = Transform3D(-0.56253266, -0.70739007, 0.4279687, 0.6461619, -0.05323252, 0.7613419, -0.51578367, 0.7048162, 0.48703325, -0.08971982, 0.97871643, 0.28751075)

[node name="Hand_L_m" parent="Venlil/Armature/Skeleton3D/Hand_L" index="0" unique_id=2101261157]
material_override = ExtResource("4_i7giv")

[node name="Arm2_L" parent="Venlil/Armature/Skeleton3D" index="2" unique_id=1809587963]
transform = Transform3D(-0.75559795, -0.6473251, 0.100213826, 0.28840435, -0.19140041, 0.938184, -0.5881288, 0.7377914, 0.33131292, 0.05474104, 1.0214305, 0.12286089)

[node name="Arm2_L_m" parent="Venlil/Armature/Skeleton3D/Arm2_L" index="0" unique_id=1110646036]
material_override = ExtResource("4_i7giv")

[node name="Arm1_L" parent="Venlil/Armature/Skeleton3D" index="3" unique_id=123836319]
transform = Transform3D(-0.8670005, -0.43431446, 0.24429893, 0.45780784, -0.50063825, 0.7346929, -0.19678248, 0.74882054, 0.63288575, 0.155, 1.137, -0.049999982)

[node name="Arm1_L_m" parent="Venlil/Armature/Skeleton3D/Arm1_L" index="0" unique_id=610989100]
material_override = ExtResource("4_i7giv")

[node name="Foot_L" parent="Venlil/Armature/Skeleton3D" index="4" unique_id=1051759155]
transform = Transform3D(0.03187038, -3.7252903e-09, 0.99949175, 0.8061912, -0.5910967, -0.025706638, 0.59079653, 0.8066009, -0.018838491, 0.09799996, 0.096000046, -0.08200001)

[node name="Foot_L_m" parent="Venlil/Armature/Skeleton3D/Foot_L" index="0" unique_id=1719257457]
material_override = ExtResource("4_i7giv")

[node name="Leg2_L" parent="Venlil/Armature/Skeleton3D" index="5" unique_id=607799897]
transform = Transform3D(-0.011303071, -0.041451782, 0.99907637, -0.25364035, -0.96634406, -0.042963237, 0.96723264, -0.25389192, 0.0004087883, 0.11399998, 0.4690001, 0.015999982)

[node name="Leg2_L_m" parent="Venlil/Armature/Skeleton3D/Leg2_L" index="0" unique_id=2019057996]
material_override = ExtResource("4_i7giv")

[node name="Leg1_L" parent="Venlil/Armature/Skeleton3D" index="6" unique_id=1019149381]
transform = Transform3D(-0.017835021, 0.12940727, 0.9914311, 0.13410878, -0.9823189, 0.13063043, 0.99080616, 0.13528939, 0.00016501546, 0.07, 0.80300003, -0.03)

[node name="Leg1_L_m" parent="Venlil/Armature/Skeleton3D/Leg1_L" index="0" unique_id=144654627]
material_override = ExtResource("4_i7giv")

[node name="Tail3" parent="Venlil/Armature/Skeleton3D" index="7" unique_id=1877050924]
transform = Transform3D(1, 2.093908e-16, 2.3044998e-16, -2.2270407e-16, 0.9982357, 0.059373632, -2.1761117e-16, -0.059373513, 0.99823576, 5.952005e-17, 1.1964148, -0.29594544)

[node name="Tail3_m" parent="Venlil/Armature/Skeleton3D/Tail3" index="0" unique_id=1167041327]
material_override = ExtResource("4_i7giv")

[node name="Tail2" parent="Venlil/Armature/Skeleton3D" index="8" unique_id=1911388078]
transform = Transform3D(1, 1.8235283e-16, 2.1846815e-16, -2.1846821e-16, 0.9838934, 0.17875585, -1.8235277e-16, -0.17875573, 0.98389345, 1.9402431e-17, 0.9799583, -0.2566192)

[node name="Tail2_m" parent="Venlil/Armature/Skeleton3D/Tail2" index="0" unique_id=1242905743]
material_override = ExtResource("4_i7giv")

[node name="Tail1" parent="Venlil/Armature/Skeleton3D" index="9" unique_id=773160063]
transform = Transform3D(1, 8.4726773e-17, 1.7449244e-16, -1.7449244e-16, 0.78584415, 0.6184245, -8.4726773e-17, -0.6184244, 0.78584427, 0, 0.8, -0.114999995)

[node name="Tail1_m" parent="Venlil/Armature/Skeleton3D/Tail1" index="0" unique_id=587330487]
material_override = ExtResource("4_i7giv")

[node name="Hand_R" parent="Venlil/Armature/Skeleton3D" index="10" unique_id=762245529]
transform = Transform3D(-0.9991513, 0.0345525, 0.022460379, -0.0022769421, -0.5904674, 0.80705845, 0.041148078, 0.8063214, 0.5900444, -0.14872593, 0.9900446, -0.0051992238)

[node name="Hand_R_m" parent="Venlil/Armature/Skeleton3D/Hand_R" index="0" unique_id=572744172]
material_override = ExtResource("4_i7giv")

[node name="Arm2_R" parent="Venlil/Armature/Skeleton3D" index="11" unique_id=1131997265]
transform = Transform3D(-0.97748864, 0.17815249, -0.11304478, -0.11483091, 0.00028526783, 0.9933851, 0.1770062, 0.9840027, 0.020178705, -0.18848348, 0.98998094, -0.22479503)

[node name="Arm2_R_m" parent="Venlil/Armature/Skeleton3D/Arm2_R" index="0" unique_id=418525533]
material_override = ExtResource("4_i7giv")

[node name="Arm1_R" parent="Venlil/Armature/Skeleton3D" index="12" unique_id=1691867189]
transform = Transform3D(-0.9881109, -0.14504787, -0.05098557, 0.13267678, -0.63687557, -0.7594645, 0.07768732, -0.7571992, 0.6485476, -0.155, 1.137, -0.049999982)

[node name="Arm1_R_m" parent="Venlil/Armature/Skeleton3D/Arm1_R" index="0" unique_id=1714981975]
material_override = ExtResource("4_i7giv")

[node name="Foot_R" parent="Venlil/Armature/Skeleton3D" index="13" unique_id=333151250]
transform = Transform3D(0.031869777, 3.7252903e-09, -0.99949175, -0.8061911, -0.5910967, -0.025706153, -0.5907965, 0.8066009, -0.018838137, -0.09799996, 0.096000046, -0.08200001)

[node name="Foot_R_m" parent="Venlil/Armature/Skeleton3D/Foot_R" index="0" unique_id=1308098912]
material_override = ExtResource("4_i7giv")

[node name="Leg2_R" parent="Venlil/Armature/Skeleton3D" index="14" unique_id=1367305376]
transform = Transform3D(-0.011303071, 0.041451782, -0.99907637, 0.25364035, -0.96634406, -0.042963237, -0.96723264, -0.25389192, 0.0004087883, -0.11399998, 0.4690001, 0.015999982)

[node name="Leg2_R_m" parent="Venlil/Armature/Skeleton3D/Leg2_R" index="0" unique_id=426850418]
material_override = ExtResource("4_i7giv")

[node name="Leg1_R" parent="Venlil/Armature/Skeleton3D" index="15" unique_id=1190420083]
transform = Transform3D(-0.017835021, -0.12940727, -0.9914311, -0.13410878, -0.9823189, 0.13063043, -0.99080616, 0.13528939, 0.00016501546, -0.07, 0.80300003, -0.03)

[node name="Leg1_R_m" parent="Venlil/Armature/Skeleton3D/Leg1_R" index="0" unique_id=562380032]
material_override = ExtResource("4_i7giv")

[node name="Torso_m" parent="Venlil/Armature/Skeleton3D/Torso" parent_id_path=PackedInt32Array(953485397, 1202599331) index="0" unique_id=540607001]
material_override = ExtResource("4_i7giv")

[node name="WeaponBoneAttachment" type="BoneAttachment3D" parent="Venlil/Armature/Skeleton3D" index="17" unique_id=2011920633]
transform = Transform3D(-0.9991513, 0.0345525, 0.022460379, -0.0022769421, -0.5904674, 0.80705845, 0.041148078, 0.8063214, 0.5900444, -0.14872593, 0.9900446, -0.0051992238)
bone_name = "Hand_R"
bone_idx = 13

[node name="pistol" parent="Venlil/Armature/Skeleton3D/WeaponBoneAttachment" unique_id=142326505 instance=ExtResource("6_qcdkb")]
transform = Transform3D(1, 0, -8.8475645e-09, -7.450581e-09, 1, 1.8626451e-09, 1.2922101e-08, 0, 0.9999999, -0.0046454147, 0.0002515912, -0.00043737888)
visible = false

[node name="Pistol" parent="Venlil/Armature/Skeleton3D/WeaponBoneAttachment/pistol" index="0" unique_id=1195441860]
transform = Transform3D(-1, 8.742278e-08, 3.821371e-15, 0, -4.371139e-08, 1, 8.742278e-08, 1, 4.371139e-08, 0.001, 0.031, -0.048)
material_override = ExtResource("6_u11nn")

[node name="flamethrower" parent="Venlil/Armature/Skeleton3D/WeaponBoneAttachment" unique_id=1515253173 instance=ExtResource("7_f6pf5")]
transform = Transform3D(-0.99875915, -0.024344856, -0.04344882, -0.018557116, -0.62766623, 0.77826107, -0.046218026, 0.7781015, 0.6264357, 0.00057272613, 0.1171065, -0.046382844)

[node name="AnimationTree" type="AnimationTree" parent="." unique_id=1462497566]
editor_description = "If the character is not holding a weapon, set HoldWeapon to 0."
root_node = NodePath("../Venlil")
tree_root = ExtResource("8_rab8v")
anim_player = NodePath("../Venlil/AnimationPlayer")
parameters/WalkSpeed/blend_amount = 0.0
parameters/HoldWeapon/blend_amount = 1.0
parameters/Fire/active = false
parameters/Fire/internal_active = false
parameters/Fire/request = 0
parameters/WalkSpeedArmed/blend_amount = 0.0
parameters/ArmsAPose/blend_amount = 1.0

[node name="SubViewportContainer" type="SubViewportContainer" parent="." unique_id=1362777592]
visible = false
anchors_preset = 15
anchor_right = 1.0
anchor_bottom = 1.0
grow_horizontal = 2
grow_vertical = 2
stretch = true

[node name="SubViewport" type="SubViewport" parent="SubViewportContainer" unique_id=189872797]
transparent_bg = true
handle_input_locally = false
size = Vector2i(1152, 648)
render_target_update_mode = 0

[node name="Camera3D" type="Camera3D" parent="SubViewportContainer/SubViewport" unique_id=1123494492]
cull_mask = 2
fov = 90.0

[node name="venlil_arms" parent="SubViewportContainer/SubViewport/Camera3D" unique_id=312129165 instance=ExtResource("3_kgiqe")]
transform = Transform3D(-1, 0, -8.742278e-08, 0, 1, 0, 8.742278e-08, 0, -1, 0, -1.2499999, 0)
visible = false

[node name="Skeleton3D" parent="SubViewportContainer/SubViewport/Camera3D/venlil_arms/Armature_vm" parent_id_path=PackedInt32Array(312129165, 1110891083) index="0" unique_id=1906950912]
bones/1/rotation = Quaternion(0.10123366, 0.38440734, 0.9060532, 0.14508764)
bones/2/rotation = Quaternion(0.31338337, 0.13110158, -0.32053718, 0.884228)
bones/3/rotation = Quaternion(0.1646411, -0.37710634, -0.10722728, 0.90508914)
bones/4/rotation = Quaternion(0.09294705, -0.17587069, 0.97974247, -0.023132369)
bones/5/rotation = Quaternion(0.9347665, -0.14367919, 0.21284395, 0.24549042)
bones/6/rotation = Quaternion(-0.6007741, -0.048121084, -0.32570827, 0.7284704)

[node name="Hand_L" parent="SubViewportContainer/SubViewport/Camera3D/venlil_arms/Armature_vm/Skeleton3D" index="0" unique_id=1334160083]
transform = Transform3D(-0.13048676, -0.4683264, 0.87386745, 0.7452706, 0.5349599, 0.39798194, -0.6538691, 0.7031989, 0.2792246, -0.017251916, 1.028727, 0.3011719)

[node name="Hand_L_vm" parent="SubViewportContainer/SubViewport/Camera3D/venlil_arms/Armature_vm/Skeleton3D/Hand_L" index="0" unique_id=1788389988]
layers = 2
material_override = ExtResource("4_i7giv")

[node name="Arm2_L" parent="SubViewportContainer/SubViewport/Camera3D/venlil_arms/Armature_vm/Skeleton3D" index="1" unique_id=687257301]
transform = Transform3D(-0.750504, -0.58040375, 0.3160314, 0.26784545, 0.17003061, 0.9483398, -0.6041546, 0.79638016, 0.027850032, 0.112274386, 0.9907821, 0.123447046)

[node name="Arm2_L_vm" parent="SubViewportContainer/SubViewport/Camera3D/venlil_arms/Armature_vm/Skeleton3D/Arm2_L" index="0" unique_id=1961749628]
layers = 2
material_override = ExtResource("4_i7giv")

[node name="Arm1_L" parent="SubViewportContainer/SubViewport/Camera3D/venlil_arms/Armature_vm/Skeleton3D" index="2" unique_id=611121957]
transform = Transform3D(-0.937403, -0.18508428, 0.2949916, 0.3433001, -0.633405, 0.69350046, 0.058493212, 0.7513597, 0.6572951, 0.155, 1.137, -0.049999982)

[node name="Arm1_L_vm" parent="SubViewportContainer/SubViewport/Camera3D/venlil_arms/Armature_vm/Skeleton3D/Arm1_L" index="0" unique_id=70214117]
layers = 2
material_override = ExtResource("4_i7giv")

[node name="Hand_R" parent="SubViewportContainer/SubViewport/Camera3D/venlil_arms/Armature_vm/Skeleton3D" index="3" unique_id=476884550]
transform = Transform3D(-0.9995927, 0.024572551, 0.0145548135, -0.0023652911, -0.5791059, 0.8152484, 0.028461665, 0.81488174, 0.5789278, -0.055817552, 1.0743372, 0.0044779927)

[node name="Hand_R_vm" parent="SubViewportContainer/SubViewport/Camera3D/venlil_arms/Armature_vm/Skeleton3D/Hand_R" index="0" unique_id=1353390588]
layers = 2
material_override = ExtResource("4_i7giv")

[node name="Arm2_R" parent="SubViewportContainer/SubViewport/Camera3D/venlil_arms/Armature_vm/Skeleton3D" index="4" unique_id=714312403]
transform = Transform3D(-0.76512086, 0.431365, -0.4780327, -0.048249625, 0.7019185, 0.71062064, 0.64207685, 0.5667752, -0.51623917, -0.15208349, 0.917693, -0.12200688)

[node name="Arm2_R_vm" parent="SubViewportContainer/SubViewport/Camera3D/venlil_arms/Armature_vm/Skeleton3D/Arm2_R" index="0" unique_id=1340729762]
layers = 2
material_override = ExtResource("4_i7giv")

[node name="Arm1_R" parent="SubViewportContainer/SubViewport/Camera3D/venlil_arms/Armature_vm/Skeleton3D" index="5" unique_id=2075506716]
transform = Transform3D(-0.981652, 0.012634202, 0.19026493, -0.071142994, -0.9500214, -0.3039699, 0.17691547, -0.31192854, 0.93348885, -0.155, 1.137, -0.049999982)

[node name="Arm1_R_vm" parent="SubViewportContainer/SubViewport/Camera3D/venlil_arms/Armature_vm/Skeleton3D/Arm1_R" index="0" unique_id=1431738903]
layers = 2
material_override = ExtResource("4_i7giv")

[node name="WeaponBoneAttachment" type="BoneAttachment3D" parent="SubViewportContainer/SubViewport/Camera3D/venlil_arms/Armature_vm/Skeleton3D" index="6" unique_id=114696014]
transform = Transform3D(-0.9995927, 0.024572551, 0.0145548135, -0.0023652911, -0.5791059, 0.8152484, 0.028461665, 0.81488174, 0.5789278, -0.055817552, 1.0743372, 0.0044779927)
bone_name = "Hand_R"
bone_idx = 6

[node name="pistol" parent="SubViewportContainer/SubViewport/Camera3D/venlil_arms/Armature_vm/Skeleton3D/WeaponBoneAttachment" unique_id=107174757 instance=ExtResource("6_qcdkb")]
transform = Transform3D(-1, 4.8894435e-08, -9.313226e-10, -1.0244548e-08, -2.9802322e-08, 1, 1.2421515e-07, 1, 4.4703484e-08, -0.005, 0.031, -0.048)
visible = false

[node name="Pistol" parent="SubViewportContainer/SubViewport/Camera3D/venlil_arms/Armature_vm/Skeleton3D/WeaponBoneAttachment/pistol" index="0" unique_id=1195441860]
layers = 2
material_override = ExtResource("6_u11nn")

[node name="flamethrower" parent="SubViewportContainer/SubViewport/Camera3D/venlil_arms/Armature_vm/Skeleton3D/WeaponBoneAttachment" unique_id=1550285615 instance=ExtResource("7_f6pf5")]
transform = Transform3D(-0.9987589, -0.024344841, -0.043448824, -0.018557126, -0.62766635, 0.77826136, -0.046218008, 0.7781018, 0.6264357, 0.00057272613, 0.1171065, -0.046382844)

[node name="Flamethrower" parent="SubViewportContainer/SubViewport/Camera3D/venlil_arms/Armature_vm/Skeleton3D/WeaponBoneAttachment/flamethrower" index="0" unique_id=1710581996]
layers = 2

[node name="ViewmodelAnimator" type="Node3D" parent="." unique_id=2040525839 node_paths=PackedStringArray("character", "arms")]
script = ExtResource("7_qcdkb")
character = NodePath("..")
arms = NodePath("../SubViewportContainer/SubViewport/Camera3D/venlil_arms")
arms_default_position = Vector3(0, -1.25, 0)
metadata/_custom_type_script = "uid://c6feu3bd8uwhi"

[node name="Node3D" type="Node3D" parent="." unique_id=857041034]
transform = Transform3D(1, 0, 0, 0, 0.99999994, 0, 0, 0, 1, -0.05554214, 0.48063856, -0.8114178)

[node name="Pistol" parent="." unique_id=220901149 node_paths=PackedStringArray("raycast", "m_animation_tree", "vm_animation_player", "viewmodel", "handheld_model") instance=ExtResource("9_i7giv")]
raycast = NodePath("../CharacterControllerComponent/Head/Camera3D/PistolRayCast")
m_animation_tree = NodePath("../AnimationTree")
m_fire_oneshot_name = &"Fire"
m_hold_anim_node_name = &"HoldAnimation"
m_hold_anim_name = &"hold_pistol_m"
m_fire_anim_node_name = &"FireAnimation"
m_fire_anim_name = &"shoot_pistol_m"
vm_animation_player = NodePath("../SubViewportContainer/SubViewport/Camera3D/venlil_arms/AnimationPlayer")
vm_hold_anim_name = &"hold_pistol_vm"
vm_fire_anim_name = &"shoot_pistol_vm"
viewmodel = NodePath("../SubViewportContainer/SubViewport/Camera3D/venlil_arms/Armature_vm/Skeleton3D/WeaponBoneAttachment/pistol")
handheld_model = NodePath("../Venlil/Armature/Skeleton3D/WeaponBoneAttachment/pistol")

[node name="Flamer" parent="." unique_id=1333001578 node_paths=PackedStringArray("character_head", "m_animation_tree", "vm_animation_player", "viewmodel", "handheld_model") instance=ExtResource("12_1eqrq")]
character_head = NodePath("../CharacterControllerComponent/Head")
m_animation_tree = NodePath("../AnimationTree")
m_fire_oneshot_name = &"Fire"
m_hold_anim_node_name = &"HoldAnimation"
m_hold_anim_name = &"hold_flamer_m"
m_fire_anim_node_name = &"FireAnimation"
vm_animation_player = NodePath("../SubViewportContainer/SubViewport/Camera3D/venlil_arms/AnimationPlayer")
vm_hold_anim_name = &"hold_flamer_vm"
viewmodel = NodePath("../SubViewportContainer/SubViewport/Camera3D/venlil_arms/Armature_vm/Skeleton3D/WeaponBoneAttachment/flamethrower")
handheld_model = NodePath("../Venlil/Armature/Skeleton3D/WeaponBoneAttachment/flamethrower")

[editable path="CharacterControllerComponent"]
[editable path="Venlil"]
[editable path="Venlil/Armature/Skeleton3D/WeaponBoneAttachment/pistol"]
[editable path="Venlil/Armature/Skeleton3D/WeaponBoneAttachment/flamethrower"]
[editable path="SubViewportContainer/SubViewport/Camera3D/venlil_arms"]
[editable path="SubViewportContainer/SubViewport/Camera3D/venlil_arms/Armature_vm/Skeleton3D/WeaponBoneAttachment/pistol"]
[editable path="SubViewportContainer/SubViewport/Camera3D/venlil_arms/Armature_vm/Skeleton3D/WeaponBoneAttachment/flamethrower"]
