[gd_scene format=3 uid="uid://ccaeajwxr8xtm"]

[ext_resource type="Script" uid="uid://5mjc1mngsdm1" path="res://source/venlil_arms/venlil_arms.gd" id="1_47hrn"]
[ext_resource type="PackedScene" uid="uid://dr8g8pk7na8w7" path="res://models/venlil/venlil_arms.glb" id="1_qrpvk"]

[node name="VenlilArms" type="Node3D" unique_id=1731891304]
script = ExtResource("1_47hrn")

[node name="SubViewportContainer" type="SubViewportContainer" parent="." unique_id=172006304]
anchors_preset = 15
anchor_right = 1.0
anchor_bottom = 1.0
grow_horizontal = 2
grow_vertical = 2
stretch = true

[node name="SubViewport" type="SubViewport" parent="SubViewportContainer" unique_id=510677593]
transparent_bg = true
size = Vector2i(1152, 648)

[node name="venlil_arms" parent="SubViewportContainer/SubViewport" unique_id=81407531 instance=ExtResource("1_qrpvk")]
transform = Transform3D(-1, 0, -8.742278e-08, 0, 1, 0, 8.742278e-08, 0, -1, 0, 0, 0)

[node name="Skeleton3D" parent="SubViewportContainer/SubViewport/venlil_arms/Armature_vm" parent_id_path=PackedInt32Array(81407531, 965526997) index="0" unique_id=1660910137]
bones/1/rotation = Quaternion(0.023925537, 0.00086817634, 0.9736257, -0.22689153)
bones/2/rotation = Quaternion(-0.014825318, 6.392695e-05, 0.0068798023, 0.9998665)
bones/3/rotation = Quaternion(-0.0043064295, 0.00010487333, -0.012955025, 0.99990684)
bones/4/rotation = Quaternion(-0.023925537, 0.00086817634, 0.9736257, 0.22689153)
bones/5/rotation = Quaternion(-0.014825318, -6.392695e-05, -0.0068798023, 0.9998665)
bones/6/rotation = Quaternion(-0.0043064295, -0.00010487333, 0.012955025, 0.99990684)

[node name="Hand_L" parent="SubViewportContainer/SubViewport/venlil_arms/Armature_vm/Skeleton3D" index="0" unique_id=1570876300]
transform = Transform3D(-0.90118164, 0.4288477, 0.062951274, -0.42865163, -0.9033049, 0.017280878, 0.06427509, -0.01141094, 0.997867, 0.358, 0.73099977, -0.04499999)

[node name="Arm2_L" parent="SubViewportContainer/SubViewport/venlil_arms/Armature_vm/Skeleton3D" index="1" unique_id=772379408]
transform = Transform3D(-0.8897487, 0.45257813, 0.05934296, -0.4519038, -0.8917137, 0.025104074, 0.06427851, -0.004480986, 0.997922, 0.25700003, 0.9299998, -0.043999985)

[node name="Arm1_L" parent="SubViewportContainer/SubViewport/venlil_arms/Armature_vm/Skeleton3D" index="2" unique_id=281446596]
transform = Transform3D(-0.8958964, 0.44185644, 0.046195075, -0.4395933, -0.8967093, 0.051678546, 0.06425809, 0.025991559, 0.9975947, 0.155, 1.137, -0.049999982)

[node name="Hand_R" parent="SubViewportContainer/SubViewport/venlil_arms/Armature_vm/Skeleton3D" index="3" unique_id=1680250251]
transform = Transform3D(-0.90118164, -0.4288477, -0.062951274, 0.42865163, -0.9033049, 0.017280878, -0.06427509, -0.01141094, 0.997867, -0.358, 0.73099977, -0.04499999)

[node name="Arm2_R" parent="SubViewportContainer/SubViewport/venlil_arms/Armature_vm/Skeleton3D" index="4" unique_id=977073734]
transform = Transform3D(-0.8897487, -0.45257813, -0.05934296, 0.4519038, -0.8917137, 0.025104074, -0.06427851, -0.004480986, 0.997922, -0.25700003, 0.9299998, -0.043999985)

[node name="Arm1_R" parent="SubViewportContainer/SubViewport/venlil_arms/Armature_vm/Skeleton3D" index="5" unique_id=1606248109]
transform = Transform3D(-0.8958964, -0.44185644, -0.046195075, 0.4395933, -0.8967093, 0.051678546, -0.06425809, 0.025991559, 0.9975947, -0.155, 1.137, -0.049999982)

[node name="Camera3D" type="Camera3D" parent="SubViewportContainer/SubViewport" unique_id=1910502861]
transform = Transform3D(1, 0, 0, 0, 1, 0, 0, 0, 1, 0, 1.2, 0)

[editable path="SubViewportContainer/SubViewport/venlil_arms"]
